9.999065064221042132e-01,2.508297126521716758e-03,-1.344198126272798735e-02,-2.279518301384773515e+00,-2.364835248684685719e-03,9.999401925565688520e-01,1.067796161158556835e-02,-1.965638991349812681e+00,1.346796083262146414e-02,-1.064517521964761064e-02,9.998526362797439671e-01,1.028969325333609908e-01,0.000000000000000000e+00,0.000000000000000000e+00,0.000000000000000000e+00,1.000000000000000000e+00
9.988081199002503130e-01,1.843174728478350066e-03,4.877396073493360518e-02,-7.074418212528601480e+00,-2.366187040945945050e-03,9.999402997259125847e-01,1.066762123511697316e-02,-1.966131212460329181e+00,-4.875138662624321773e-02,-1.077031502348359607e-02,9.987528520780115660e-01,3.556105660502716370e-01,0.000000000000000000e+00,0.000000000000000000e+00,0.000000000000000000e+00,1.000000000000000000e+00
9.988219271011480327e-01,1.846237236418072757e-03,4.849010617275638368e-02,-7.052579628080949625e+00,-2.526152224382812502e-03,9.998992816312798348e-01,1.396418793752632510e-02,-2.219745811060569451e+00,-4.845944082530719704e-02,-1.407023127861447773e-02,9.987260611971544577e-01,2.898195501875583391e-01,0.000000000000000000e+00,0.000000000000000000e+00,0.000000000000000000e+00,1.000000000000000000e+00
9.988681717655667480e-01,1.856608090101413353e-03,4.752875215492984029e-02,-6.978617054313237311e+00,-2.678326405480359329e-03,9.998479322903472966e-01,1.723102739650382229e-02,-2.471082173774019619e+00,-4.748953581346752190e-02,-1.733882194705998331e-02,9.987212291771034867e-01,2.178610218103080587e-01,0.000000000000000000e+00,0.000000000000000000e+00,0.000000000000000000e+00,1.000000000000000000e+00
9.989443255273330324e-01,1.874186766600212904e-03,4.589875114976244008e-02,-6.853203391330051630e+00,-2.814599020073881453e-03,9.997872782449497286e-01,2.043279247178800273e-02,-2.717442668053412724e+00,-4.585069121956256849e-02,-2.054040828827076101e-02,9.987371277845417117e-01,1.401677879663173476e-01,0.000000000000000000e+00,0.000000000000000000e+00,0.000000000000000000e+00,1.000000000000000000e+00
9.990465647357862355e-01,1.898793102500195363e-03,4.361613556643858386e-02,-6.677561900588432131e+00,-2.927540133224078214e-03,9.997187431423097959e-01,2.353463543027643420e-02,-2.956166709289899774e+00,-4.355917984443389429e-02,-2.363988435086028864e-02,9.987711504457177369e-01,5.738497019054648179e-02,0.000000000000000000e+00,0.000000000000000000e+00,0.000000000000000000e+00,1.000000000000000000e+00
9.991693975521435123e-01,1.930167550126391917e-03,4.070401275957676035e-02,-6.453457303255657251e+00,-3.010741779585501127e-03,9.996442342455518215e-01,2.650255100102820449e-02,-3.184655729353708331e+00,-4.063837702296942134e-02,-2.660308698046746911e-02,9.988196840304495172e-01,-2.965064989137561682e-02,0.000000000000000000e+00,0.000000000000000000e+00,0.000000000000000000e+00,1.000000000000000000e+00
9.993061956433507698e-01,1.967973364653021785e-03,3.719243768770266051e-02,-6.183182927462953060e+00,-3.059118557554242352e-03,9.995658959635852492e-01,2.930372545993796193e-02,-3.400398434291603600e+00,-3.711862143523120966e-02,-2.939717050527140482e-02,9.988783973622072931e-01,-1.199389775152851223e-01,0.000000000000000000e+00,0.000000000000000000e+00,0.000000000000000000e+00,1.000000000000000000e+00
9.994494310061144970e-01,2.011801233659603512e-03,3.311812981350392704e-02,-5.869545953587026688e+00,-3.069153274273242384e-03,9.994861319498787866e-01,3.190687696012468877e-02,-3.600997527512209473e+00,-3.303692125913245542e-02,-3.199095330487023575e-02,9.989420265697465107e-01,-2.123516757959056644e-01,0.000000000000000000e+00,0.000000000000000000e+00,0.000000000000000000e+00,1.000000000000000000e+00
9.995909996642597939e-01,2.061171259867256716e-03,2.852421673343324277e-02,-5.515844254894358478e+00,-3.039078386785341781e-03,9.994075420835777379e-01,3.428263567370481296e-02,-3.784197176274371799e+00,-2.843665637922642569e-02,-3.435530115383451932e-02,9.990050552964122588e-01,-3.056725386871166350e-01,0.000000000000000000e+00,0.000000000000000000e+00,0.000000000000000000e+00,1.000000000000000000e+00
9.997225541663321557e-01,2.115539347522337344e-03,2.345983080998756409e-02,-5.125837643887924067e+00,-2.968980671496098279e-03,9.993327246158629773e-01,3.640389629263857119e-02,-3.947909925104811091e+00,-2.336716485357749618e-02,-3.646344787481151095e-02,9.990617319823527076e-01,-3.986416895231163493e-01,0.000000000000000000e+00,0.000000000000000000e+00,0.000000000000000000e+00,1.000000000000000000e+00
9.998359882257298326e-01,2.174302737438511650e-03,1.797963858293318007e-02,-4.703713609234300819e+00,-2.860824746467379755e-03,9.992642473035676653e-01,3.824618422319021188e-02,-4.090245092258559367e+00,-1.788325035741797006e-02,-3.829134816708572309e-02,9.991065853512944850e-01,-4.900013035445796583e-01,0.000000000000000000e+00,0.000000000000000000e+00,0.000000000000000000e+00,1.000000000000000000e+00
9.999237393953144259e-01,2.236807096764351251e-03,1.214328405527760439e-02,-4.254046093772227977e+00,-2.718391692244970237e-03,9.992044412057553560e-01,3.978798491331120291e-02,-4.209533782864916418e+00,-1.204462632472735363e-02,-3.981796351053739497e-02,9.991343412613064023e-01,-5.785414827713766250e-01,0.000000000000000000e+00,0.000000000000000000e+00,0.000000000000000000e+00,1.000000000000000000e+00
9.999792342915063692e-01,2.302353527410313377e-03,6.014770755649932396e-03,-3.781747151083945102e+00,-2.547134245659935046e-03,9.991554412501058025e-01,4.101108603695586413e-02,-4.304356264988207670e+00,-5.915269430161668347e-03,-4.102555587746949117e-02,9.991405849407237749e-01,-6.631436522048920201e-01,0.000000000000000000e+00,0.000000000000000000e+00,0.000000000000000000e+00,1.000000000000000000e+00
9.999971418057839179e-01,2.370207647394934145e-03,-3.382731262888107808e-04,-3.292013059996688362e+00,-2.353952322137752972e-03,9.991190087181375246e-01,4.190083911697856794e-02,-4.373561957257534161e+00,4.372888926665865149e-04,-4.189992244731981230e-02,9.991217146308194463e-01,-7.428202882240848570e-01,0.000000000000000000e+00,0.000000000000000000e+00,0.000000000000000000e+00,1.000000000000000000e+00
9.999735805006774170e-01,2.439607961572367190e-03,-6.845366667906010311e-03,-2.790264878392178183e+00,-2.146899038100110596e-03,9.990964393521879483e-01,4.244641806508344523e-02,-4.416291227873637482e+00,6.942734284570381900e-03,-4.243060155959378632e-02,9.990752922583071571e-01,-8.167483445449907897e-01,0.000000000000000000e+00,0.000000000000000000e+00,0.000000000000000000e+00,1.000000000000000000e+00
9.999066097154278854e-01,2.509776064199930115e-03,-1.343401918661516620e-02,-2.282084767608440146e+00,-1.934829296779252755e-03,9.990885672500477988e-01,4.264099683213862929e-02,-4.431988810971087211e+00,1.352879433476792889e-02,-4.261102204341429833e-02,9.990001180726969521e-01,-8.842955984975316985e-01,0.000000000000000000e+00,0.000000000000000000e+00,0.000000000000000000e+00,1.000000000000000000e+00
9.997960279886999313e-01,2.579925765436547318e-03,-2.003061553101971246e-02,-1.773147546731343560e+00,-1.727007184144059180e-03,9.990957499810806386e-01,4.248186669848427049e-02,-4.420415716460557753e+00,2.012210310393973065e-02,-4.243860863528782501e-02,9.988964289744989289e-01,-9.450386115969294787e-01,0.000000000000000000e+00,0.000000000000000000e+00,0.000000000000000000e+00,1.000000000000000000e+00
9.996436562122186231e-01,2.649273272048223958e-03,-2.656132308413942586e-02,-1.269151429750971172e+00,-1.532690438396361061e-03,9.991176602467159995e-01,4.197047921785562741e-02,-4.381653105182468977e+00,2.664907846956976467e-02,-4.191481606498765472e-02,9.987657336155273402e-01,-9.987706569977883309e-01,0.000000000000000000e+00,0.000000000000000000e+00,0.000000000000000000e+00,1.000000000000000000e+00
9.994532050208190244e-01,2.717046693555809442e-03,-3.295300544619444993e-02,-7.757471431945981433e-01,-1.360711969626965867e-03,9.991535995646194657e-01,4.111245804585485913e-02,-4.316104169464801465e+00,3.303681958900163418e-02,-4.104513862872396363e-02,9.986109933226359203e-01,-1.045500998619395938e+00,0.000000000000000000e+00,0.000000000000000000e+00,0.000000000000000000e+00,1.000000000000000000e+00
9.992300865607078864e-01,2.782495314359229033e-03,-3.913412621476847209e-02,-2.984680037064053604e-01,-1.219079039749116408e-03,9.992022648123424222e-01,3.991746757484445490e-02,-4.224486116791846158e+00,3.921397506719417891e-02,-3.983902540373984724e-02,9.984363204657417112e-01,-1.085443319136499607e+00,0.000000000000000000e+00,0.000000000000000000e+00,0.000000000000000000e+00,1.000000000000000000e+00
9.989813015610117253e-01,2.844898346468642623e-03,-4.503561252708104812e-02,1.573378822099984475e-01,-1.114607472206244907e-03,9.992618527129931705e-01,3.839908859450449907e-02,-4.107821886017712032e+00,4.511161045386975071e-02,-3.830977432606477717e-02,9.982470908882100646e-01,-1.118996210978055572e+00,0.000000000000000000e+00,0.000000000000000000e+00,0.000000000000000000e+00,1.000000000000000000e+00
9.987151820430486548e-01,2.903573545603497716e-03,-5.059168895382008813e-02,5.865714032480517925e-01,-1.052610914255505768e-03,9.993303826335112605e-01,3.657460018386754497e-02,-3.967423264294634766e+00,5.066400984177318878e-02,-3.647435510303446288e-02,9.980494753734084901e-01,-1.146715423451086791e+00,0.000000000000000000e+00,0.000000000000000000e+00,0.000000000000000000e+00,1.000000000000000000e+00
9.984408978318887184e-01,2.957883878198818914e-03,-5.574063413560477465e-02,9.844437021322263170e-01,-1.036657131643294429e-03,9.994053947820663586e-01,3.446469945805143847e-02,-3.804872078482510744e+00,5.580943196604015027e-02,-3.435318183524879027e-02,9.978503019948756769e-01,-1.169278070897454835e+00,0.000000000000000000e+00,0.000000000000000000e+00,0.000000000000000000e+00,1.000000000000000000e+00
9.981681771161199368e-01,3.007243572616868574e-03,-6.042544603394376518e-02,1.346528423495922722e+00,-1.068403171269422794e-03,9.994843252066878403e-01,3.209321485332928409e-02,-3.621996927559911761e+00,6.049079749507950410e-02,-3.196986871864269941e-02,9.976566760636988995e-01,-1.187444254212481898e+00,0.000000000000000000e+00,0.000000000000000000e+00,0.000000000000000000e+00,1.000000000000000000e+00
9.979069117487864293e-01,3.051125341549635380e-03,-6.459450290440618692e-02,1.668812303005801967e+00,-1.147515344599511463e-03,9.995645376909980673e-01,2.948676967251714562e-02,-3.420848856203617228e+00,6.465634159720026752e-02,-2.935092816319289852e-02,9.974758566445821595e-01,-1.202013109137807678e+00,0.000000000000000000e+00,0.000000000000000000e+00,0.000000000000000000e+00,1.000000000000000000e+00
9.976667564821419809e-01,3.089063613568777348e-03,-6.820205095332874945e-02,1.947736111976194895e+00,-1.271678277192671205e-03,9.996433585036992309e-01,2.667442983936265874e-02,-3.203673574646769051e+00,6.826012489694031904e-02,-2.652546129604092806e-02,9.973148897764098075e-01,-1.213779753424220731e+00,0.000000000000000000e+00,0.000000000000000000e+00,0.000000000000000000e+00,1.000000000000000000e+00
9.974565658745452312e-01,3.120658414863151757e-03,-7.120865926828003067e-02,2.180230524322584795e+00,-1.436689363290107957e-03,9.997184038226878400e-01,2.368734949039487739e-02,-2.972884653374502140e+00,7.126252515387825059e-02,-2.352479746091412985e-02,9.971801328239442430e-01,-1.223491551334616956e+00,0.000000000000000000e+00,0.000000000000000000e+00,0.000000000000000000e+00,1.000000000000000000e+00
9.972842503377534751e-01,3.145579198662905480e-03,-7.358160301196091380e-02,2.363746217289388607e+00,-1.636634390884315025e-03,9.997872958086139183e-01,2.055840536147647904e-02,-2.731033932243768891e+00,7.363061859563703460e-02,-2.038214836286170520e-02,9.970773012971682059e-01,-1.231808067526000583e+00,0.000000000000000000e+00,0.000000000000000000e+00,0.000000000000000000e+00,1.000000000000000000e+00
9.971563016992136541e-01,3.163566344850231304e-03,-7.529512893429943232e-02,2.496277230962308025e+00,-1.864136553911223924e-03,9.998482499742051832e-01,1.732184752582924953e-02,-2.480784847746535515e+00,7.533850157846912199e-02,-1.713222810119468739e-02,9.970108039140018752e-01,-1.239265603861484433e+00,0.000000000000000000e+00,0.000000000000000000e+00,0.000000000000000000e+00,1.000000000000000000e+00
9.970774951397086694e-01,3.174433518885815333e-03,-7.633070752654191882e-02,2.576376987659342088e+00,-2.110665418913157051e-03,9.998995598636856164e-01,1.401294094943808174e-02,-2.224882898285655664e+00,7.636752292807434672e-02,-1.381087954454454474e-02,9.969840597535390980e-01,-1.246248379792165739e+00,0.000000000000000000e+00,0.000000000000000000e+00,0.000000000000000000e+00,1.000000000000000000e+00
9.970509079120978280e-01,3.178068470755281150e-03,-7.667714814933196399e-02,2.603174521855667223e+00,-2.366895363142937966e-03,9.999402979397710167e-01,1.066763152407136303e-02,-1.966129655410783217e+00,7.670647282903048092e-02,-1.045468490993401757e-02,9.969989040743976183e-01,-1.252966465740631197e+00,0.000000000000000000e+00,0.000000000000000000e+00,0.000000000000000000e+00,1.000000000000000000e+00
9.970774949570194723e-01,3.174433538414615785e-03,-7.633070991212642653e-02,2.576377172190573717e+00,-2.623094637511979264e-03,9.999697255599636625e-01,7.322200947227174364e-03,-1.707354139443833407e+00,7.635163941585200453e-02,-7.100579124925616818e-03,9.970556470632798707e-01,-1.259442489993364278e+00,0.000000000000000000e+00,0.000000000000000000e+00,0.000000000000000000e+00,1.000000000000000000e+00
9.971563011166169055e-01,3.163566433160368285e-03,-7.529513358373750298e-02,2.496277591301762744e+00,-2.869533362835531651e-03,9.999878532214481197e-01,4.012938521263621425e-03,-1.451386842999359938e+00,7.530691311494444595e-02,-3.785464693826122960e-03,9.971531905252281058e-01,-1.265508631777140014e+00,0.000000000000000000e+00,0.000000000000000000e+00,0.000000000000000000e+00,1.000000000000000000e+00
9.972842493928558705e-01,3.145579192016753536e-03,-7.358160972519593723e-02,2.363746738074931297e+00,-3.096888677022313543e-03,9.999948854973190748e-01,7.758028050976185875e-04,-1.201031595834531673e+00,7.358367304999111069e-02,-5.458217801324373192e-04,9.972889200304811963e-01,-1.270811171347518087e+00,0.000000000000000000e+00,0.000000000000000000e+00,0.000000000000000000e+00,1.000000000000000000e+00
9.974565648357472947e-01,3.120658495252184427e-03,-7.120866776751985650e-02,2.180231183034767373e+00,-3.296636709188919320e-03,9.999918164811107957e-01,-2.353912554878263667e-03,-9.590392606891449123e-01,7.120073603730579792e-02,2.582674983667053274e-03,9.974586538087005794e-01,-1.274825278264114292e+00,0.000000000000000000e+00,0.000000000000000000e+00,0.000000000000000000e+00,1.000000000000000000e+00
9.976667551913949161e-01,3.089063663793690986e-03,-6.820206085308988531e-02,1.947736879550033828e+00,-3.461407818672714368e-03,9.999797344306490254e-01,-5.341926689523046612e-03,-7.280788067004485553e-01,6.818417699198982274e-02,5.565538461348395333e-03,9.976572443210729446e-01,-1.276878563792007482e+00,0.000000000000000000e+00,0.000000000000000000e+00,0.000000000000000000e+00,1.000000000000000000e+00
9.979069104706109750e-01,3.051125509984485649e-03,-6.459451378678893185e-02,1.668813146170016193e+00,-3.585297705400306185e-03,9.999603432545961512e-01,-8.155319153453181868e-03,-5.107101743569717467e-01,6.456706886421405278e-02,8.369839992001632326e-03,9.978782710127865885e-01,-1.276181434188269126e+00,0.000000000000000000e+00,0.000000000000000000e+00,0.000000000000000000e+00,1.000000000000000000e+00
9.981681757249278863e-01,3.007243758011294947e-03,-6.042545741217542066e-02,1.346529305249273056e+00,-3.664114083569822069e-03,9.999353814395472995e-01,-1.076289162840539555e-02,-3.093550534714539779e-01,6.038918886688009191e-02,1.096458200165450862e-02,9.981147110985696402e-01,-1.271863961173631985e+00,0.000000000000000000e+00,0.000000000000000000e+00,0.000000000000000000e+00,1.000000000000000000e+00
9.984408967218930675e-01,2.957883865726821087e-03,-5.574064553275823175e-02,9.844445846401574940e-01,-3.695553059766340607e-03,9.999069128955742070e-01,-1.313552745163796935e-02,-1.262684839191207387e-01,5.569660210850779086e-02,1.332104008677276359e-02,9.983589022739454144e-01,-1.263017339562178432e+00,0.000000000000000000e+00,0.000000000000000000e+00,0.000000000000000000e+00,1.000000000000000000e+00
9.987151810741976554e-01,2.903573781902926525e-03,-5.059169985454111534e-02,5.865722420336177967e-01,-3.679292896952884601e-03,9.998770068838945813e-01,-1.524655289284693183e-02,3.648934542394327574e-02,5.054120910560674917e-02,1.541310454114334927e-02,9.986030235001930322e-01,-1.248738827860048417e+00,0.000000000000000000e+00,0.000000000000000000e+00,0.000000000000000000e+00,1.000000000000000000e+00
9.989813602732223741e-01,2.844898750674415642e-03,-4.503562513929612598e-02,1.573386595961507872e-01,-3.617002165546212393e-03,9.998477104447542896e-01,-1.707209011267459692e-02,1.770803864391859994e-01,4.498019808443164819e-02,1.721759246140068186e-02,9.988394702740196474e-01,-1.228176696139597901e+00,0.000000000000000000e+00,0.000000000000000000e+00,0.000000000000000000e+00,1.000000000000000000e+00
9.992300859869794882e-01,2.782495398679204947e-03,-3.913413473992329722e-02,-2.984673477852405332e-01,-3.512259598842517021e-03,9.998210244706412508e-01,-1.859139236131104878e-02,2.939146434227302707e-01,3.907539835643237397e-02,1.871452894189440733e-02,9.990609841275878145e-01,-1.200573902327546127e+00,0.000000000000000000e+00,0.000000000000000000e+00,0.000000000000000000e+00,1.000000000000000000e+00
9.994532046524933211e-01,2.717046812614485989e-03,-3.295301219315435043e-02,-7.757466218649070600e-01,-3.370388454205250871e-03,9.997985352344957999e-01,-1.978714789929704801e-02,3.856724427695140123e-01,3.289261252884807807e-02,1.988739118352614646e-02,9.992610364691398850e-01,-1.165309370532707778e+00,0.000000000000000000e+00,0.000000000000000000e+00,0.000000000000000000e+00,1.000000000000000000e+00
9.996436560514436742e-01,2.649273334082407304e-03,-2.656132682680166154e-02,-1.269151069874593585e+00,-3.198212812474350575e-03,9.997817236346348002e-01,-2.064573517468387340e-02,4.513251180627242953e-01,2.650083405359396002e-02,2.072332735799747513e-02,9.994339727177791177e-01,-1.121932686306590377e+00,0.000000000000000000e+00,0.000000000000000000e+00,0.000000000000000000e+00,1.000000000000000000e+00
9.997960279253040872e-01,2.579925774604773393e-03,-2.003061792722515139e-02,-1.773147361764732866e+00,-3.003746455972423294e-03,9.997716483028270540e-01,-2.115746634141783822e-02,4.901505655748183976e-01,1.997145933443513280e-02,2.121331803506086577e-02,9.995754832820276103e-01,-1.070193982974281033e+00,0.000000000000000000e+00,0.000000000000000000e+00,0.000000000000000000e+00,1.000000000000000000e+00
9.999066097154278854e-01,2.509776064199930549e-03,-1.343401918661518354e-02,-2.282084767608437925e+00,-2.795826039543998671e-03,9.997688459476841150e-01,-2.131670450103153105e-02,5.017431618701627682e-01,1.337741370391699880e-02,2.135227290858972282e-02,9.996824941479284243e-01,-1.010063197924265799e+00,0.000000000000000000e+00,0.000000000000000000e+00,0.000000000000000000e+00,1.000000000000000000e+00
9.999735804984749565e-01,2.439607922651211395e-03,-6.845364314035820401e-03,-2.790265059842666595e+00,-2.583711502700690357e-03,9.997735688868156778e-01,-2.112199188268033476e-02,4.860206066263764724e-01,6.792284687371271008e-03,2.113912176980211818e-02,9.997534696025135448e-01,-9.417420827818451246e-01,0.000000000000000000e+00,0.000000000000000000e+00,0.000000000000000000e+00,1.000000000000000000e+00
9.999971417464500467e-01,2.370207609403946186e-03,-3.382685096626836599e-04,-3.292013415735757675e+00,-2.376666158873362751e-03,9.997854736370178630e-01,-2.057604470095858104e-02,4.432232725415627961e-01,2.894264993935250310e-04,2.057678966355266578e-02,9.997882314742730925e-01,-8.656648991633439927e-01,0.000000000000000000e+00,0.000000000000000000e+00,0.000000000000000000e+00,1.000000000000000000e+00
9.999792341429529774e-01,2.302353422849125978e-03,6.014777424351220626e-03,-3.781747664682324039e+00,-2.183542047311380629e-03,9.998038300532242628e-01,-1.968570388930833068e-02,3.739095069627838552e-01,-6.058920397933423817e-03,1.967216257909741237e-02,9.997881231498888521e-01,-7.824903307322262913e-01,0.000000000000000000e+00,0.000000000000000000e+00,0.000000000000000000e+00,1.000000000000000000e+00
9.999237391029002220e-01,2.236806918837104963e-03,1.214329247380866936e-02,-4.254046741735331594e+00,-2.012387321041752240e-03,9.998275353862373649e-01,-1.846182680150253858e-02,2.789439238236998686e-01,-1.218249377656039842e-02,1.843598219317029233e-02,9.997558086698481450e-01,-6.930830957540975445e-01,0.000000000000000000e+00,0.000000000000000000e+00,0.000000000000000000e+00,1.000000000000000000e+00
9.998359876987201744e-01,2.174302660466825247e-03,1.797964837388655451e-02,-4.703714362360828183e+00,-1.870095003728855553e-03,9.998551086933072929e-01,-1.691909104979138698e-02,1.594827312740779157e-01,-1.801383100574953378e-02,1.688269242921625751e-02,9.996951954871359236e-01,-5.984870566397973990e-01,0.000000000000000000e+00,0.000000000000000000e+00,0.000000000000000000e+00,1.000000000000000000e+00
9.997225535026609267e-01,2.115539129202990368e-03,2.345984153765764274e-02,-5.125838468627128997e+00,-1.762109456290136301e-03,9.998847783671523937e-01,-1.507575266279807119e-02,1.695424215866615791e-02,-2.348903432336959043e-02,1.503023180227810139e-02,9.996110791292769360e-01,-4.998909461411877309e-01,0.000000000000000000e+00,0.000000000000000000e+00,0.000000000000000000e+00,1.000000000000000000e+00
9.995909988763471699e-01,2.061170993715315952e-03,2.852422792680072566e-02,-5.515845115075619809e+00,-1.692202335725487413e-03,9.999146549982567134e-01,-1.295337139602481709e-02,-1.469649650114298600e-01,-2.854849403077178160e-02,1.289980370605004791e-02,9.995091843280924371e-01,-3.985877204607305990e-01,0.000000000000000000e+00,0.000000000000000000e+00,0.000000000000000000e+00,1.000000000000000000e+00
9.994494301158300953e-01,2.011801162059359549e-03,3.311814097848850974e-02,-5.869546811464330993e+00,-1.662327935893558734e-03,9.999426841994052406e-01,-1.057647134351764537e-02,-3.303747252253148026e-01,-3.313752061616374173e-02,1.051559386412508068e-02,9.993954968063065714e-01,-2.959300213986666428e-01,0.000000000000000000e+00,0.000000000000000000e+00,0.000000000000000000e+00,1.000000000000000000e+00
9.993061946806282014e-01,1.967973431918993224e-03,3.719244834138602657e-02,-6.183183745834508471e+00,-1.672562654299519346e-03,9.999668462803162905e-01,-7.972207276178059840e-03,-5.311786120471211348e-01,-3.720690295258134023e-02,7.904468957032128457e-03,9.992763403728618377e-01,-1.932831905043884968e-01,0.000000000000000000e+00,0.000000000000000000e+00,0.000000000000000000e+00,1.000000000000000000e+00
9.991693965530240584e-01,1.930167393845195166e-03,4.070402243140995580e-02,-6.453458045540536148e+00,-1.721128626953353320e-03,9.999851768514744776e-01,-5.169997903195490581e-03,-7.471118021285175770e-01,-4.071339923037319009e-02,5.095647386627362094e-03,9.991578538287357869e-01,-9.197816371535093294e-02,0.000000000000000000e+00,0.000000000000000000e+00,0.000000000000000000e+00,1.000000000000000000e+00
9.990465639488420591e-01,1.898793035937860942e-03,4.361614385153615020e-02,-6.677562536751358024e+00,-1.804499400584081738e-03,9.999959568868017623e-01,-2.201168301771415023e-03,-9.757688773613245603e-01,-4.362014523369837221e-02,2.120364151944910229e-03,9.990459671331900493e-01,6.733967725228297979e-03,0.000000000000000000e+00,0.000000000000000000e+00,0.000000000000000000e+00,1.000000000000000000e+00
9.989443247849484342e-01,1.874186657586655175e-03,4.589875768267914075e-02,-6.853203892484406090e+00,-1.917581284190850123e-03,9.999977665859602904e-01,9.014277698703338252e-04,-1.214631460276063502e+00,-4.589696522464332962e-02,-9.884909766937281361e-04,9.989457123917823145e-01,1.017239071509585951e-01,0.000000000000000000e+00,0.000000000000000000e+00,0.000000000000000000e+00,1.000000000000000000e+00
9.988681713236227111e-01,1.856608003619761001e-03,4.752875666924961939e-02,-6.978617400839324247e+00,-2.053959406482896988e-03,9.999894549511286757e-01,4.103752284963758760e-03,-1.461095147783424641e+00,-4.752063812622086408e-02,-4.196730036512718275e-03,9.988614322689177705e-01,1.920204249054244250e-01,0.000000000000000000e+00,0.000000000000000000e+00,0.000000000000000000e+00,1.000000000000000000e+00
9.988219267587483685e-01,1.846237215555321127e-03,4.849010847037235616e-02,-7.052579804086672510e+00,-2.206199151559365586e-03,9.999703772679918723e-01,7.370937448409352333e-03,-1.712495060030312821e+00,-4.847506467886589232e-02,-7.469233457624681674e-03,9.987964821896266887e-01,2.768403718837198491e-01,0.000000000000000000e+00,0.000000000000000000e+00,0.000000000000000000e+00,1.000000000000000000e+00
9.988081199002503130e-01,1.843174728478350066e-03,4.877396073493360518e-02,-7.074418212528601480e+00,-2.366187040945945050e-03,9.999402997259125847e-01,1.066762123511697316e-02,-1.966131212460329181e+00,-4.875138662624321773e-02,-1.077031502348359607e-02,9.987528520780115660e-01,3.556105660502716370e-01,0.000000000000000000e+00,0.000000000000000000e+00,0.000000000000000000e+00,1.000000000000000000e+00
9.988273733708008528e-01,1.847439418337887100e-03,4.837868539915098770e-02,-7.044007660466577114e+00,-2.525498103573042656e-03,9.998993853948570099e-01,1.395827700917120530e-02,-2.219292312609746354e+00,-4.834803182934425264e-02,-1.406408938984394716e-02,9.987315527661502212e-01,4.279809307525110351e-01,0.000000000000000000e+00,0.000000000000000000e+00,0.000000000000000000e+00,1.000000000000000000e+00
9.988785423345775127e-01,1.858969286313041230e-03,4.730983858138883974e-02,-6.961774035260035021e+00,-2.675774064706435643e-03,9.998483791666450404e-01,1.720753854988878520e-02,-2.469279968014064242e+00,-4.727067669887778656e-02,-1.731483147807522452e-02,9.987320455727363155e-01,4.938287616020796689e-01,0.000000000000000000e+00,0.000000000000000000e+00,0.000000000000000000e+00,1.000000000000000000e+00
9.989589445998661166e-01,1.877622505706946603e-03,4.558011214886070056e-02,-6.828686387741393027e+00,-2.809095846801398268e-03,9.997883359282311311e-01,2.038051875705452001e-02,-2.713431480736934187e+00,-4.553219911656125607e-02,-2.048733993636258147e-02,9.987527382621519401e-01,5.532536484199752636e-01,0.000000000000000000e+00,0.000000000000000000e+00,0.000000000000000000e+00,1.000000000000000000e+00
9.990642044618008866e-01,1.903178599360615770e-03,4.320919013317193330e-02,-6.646246780547746980e+00,-2.918337256450047844e-03,9.997209065307215425e-01,2.344313530374950161e-02,-2.949144373618895365e+00,-4.315251393583200562e-02,-2.354729627098632247e-02,9.987909380720488839e-01,6.065635549452673692e-01,0.000000000000000000e+00,0.000000000000000000e+00,0.000000000000000000e+00,1.000000000000000000e+00
9.991888286082161175e-01,1.935341826357880055e-03,4.022356249401906614e-02,-6.416480938200244566e+00,-2.997482605917557979e-03,9.996479329008399750e-01,2.636242568174889181e-02,-3.173899047039552279e+00,-4.015838274586404355e-02,-2.646160936719877885e-02,9.988428468877074140e-01,6.542528107785892111e-01,0.000000000000000000e+00,0.000000000000000000e+00,0.000000000000000000e+00,1.000000000000000000e+00
9.993260085960691264e-01,1.973743249979253468e-03,3.665628374667474765e-02,-6.141913776976243078e+00,-3.041898113763711036e-03,9.995716673875943981e-01,2.910688054467084132e-02,-3.385283867793360546e+00,-3.658313389218660616e-02,-2.919876650050043723e-02,9.989039436280998663e-01,6.969722103779033562e-01,0.000000000000000000e+00,0.000000000000000000e+00,0.000000000000000000e+00,1.000000000000000000e+00
9.994681777434532011e-01,2.017945221089116354e-03,3.254666832755854361e-02,-5.825550793422316964e+00,-3.048543303374663845e-03,9.994944897245253701e-01,3.164676821805262330e-02,-3.581019072852345886e+00,-3.246635174061913987e-02,-3.172915899057743988e-02,9.989690824395308644e-01,7.354940816346321464e-01,0.000000000000000000e+00,0.000000000000000000e+00,0.000000000000000000e+00,1.000000000000000000e+00
9.996074657270468400e-01,2.067447151661669369e-03,2.793989575590266269e-02,-5.470850220262768460e+00,-3.016113837074754517e-03,9.994188429849930611e-01,3.395446514828991125e-02,-3.758981687177715969e+00,-2.785346126530036798e-02,-3.402540711793131112e-02,9.990327662854747715e-01,7.706719036593372429e-01,0.000000000000000000e+00,0.000000000000000000e+00,0.000000000000000000e+00,1.000000000000000000e+00
9.997358362786886721e-01,2.121689240244647480e-03,2.288660784725067912e-02,-5.081688406851824880e+00,-2.945109559999064489e-03,9.993472773701387313e-01,3.600477648499602473e-02,-3.917230350996633081e+00,-2.279527801189339467e-02,-3.606266738063351740e-02,9.990895080644688342e-01,8.033977195006651861e-01,0.000000000000000000e+00,0.000000000000000000e+00,0.000000000000000000e+00,1.000000000000000000e+00
9.998454810567716233e-01,2.180060279839366680e-03,1.744234020753990949e-02,-4.662321641690503782e+00,-2.837822890723670430e-03,9.992822513957996255e-01,3.777525574875435083e-02,-4.054029678296024564e+00,-1.734746810315559995e-02,-3.781891841883625732e-02,9.991340263186182513e-01,8.345586138744158777e-01,0.000000000000000000e+00,0.000000000000000000e+00,0.000000000000000000e+00,1.000000000000000000e+00
9.999294290758318215e-01,2.241904561352614424e-03,1.166698222690549548e-02,-4.217344028142021806e+00,-2.698247669875595070e-03,9.992259392107540883e-01,3.924648791204837783e-02,-4.167871675225367945e+00,-1.156996419766073009e-02,-3.927519717069449801e-02,9.991614219887032800e-01,8.649933552806856607e-01,0.000000000000000000e+00,0.000000000000000000e+00,0.000000000000000000e+00,1.000000000000000000e+00
9.999815104412441702e-01,2.306528880064870335e-03,5.624101319026167736e-03,-3.751635690591216488e+00,-2.531911984219434655e-03,9.991802885824813130e-01,4.040236068130775848e-02,-4.257497655119349744e+00,-5.526302155212415267e-03,-4.041585412865709992e-02,9.991676747840535500e-01,8.954531716046264522e-01,0.000000000000000000e+00,0.000000000000000000e+00,0.000000000000000000e+00,1.000000000000000000e+00
9.999970110707170345e-01,2.373211960576273108e-03,-6.197624410006782967e-04,-3.270310990502531823e+00,-2.345641453086555993e-03,9.991469229807243835e-01,4.123028714206442014e-02,-4.321916659108151926e+00,7.170812160300297491e-04,-4.122870968554298576e-02,9.991494820711718239e-01,9.265653628163179611e-01,0.000000000000000000e+00,0.000000000000000000e+00,0.000000000000000000e+00,1.000000000000000000e+00
9.999725617820881540e-01,2.441211866240562342e-03,-6.995856572164308937e-03,-2.778659346569101185e+00,-2.147262592849900290e-03,9.991269518928231896e-01,4.172139449381321447e-02,-4.360419783115691672e+00,7.091599397875160415e-03,-4.170522667862495980e-02,9.991047895699455283e-01,9.588046053031327176e-01,0.000000000000000000e+00,0.000000000000000000e+00,0.000000000000000000e+00,1.000000000000000000e+00
9.999066097154278854e-01,2.509776064199928814e-03,-1.343401918661515232e-02,-2.282084767608440146e+00,-1.945261010919256597e-03,9.991211750285290405e-01,4.187064645869095075e-02,-4.372591340694554241e+00,1.352729898136133778e-02,-4.184060347335929325e-02,9.990327489871948519e-01,9.924707264489744940e-01,0.000000000000000000e+00,0.000000000000000000e+00,0.000000000000000000e+00,1.000000000000000000e+00
9.997993826403801521e-01,2.578149966653218040e-03,-1.986350393704229209e-02,-1.786042278739204958e+00,-1.748407411975905863e-03,9.991296101065565427e-01,4.167690223400842553e-02,-4.358314443566489338e+00,1.995366469147639640e-02,-4.163381202779178197e-02,9.989336849574699251e-01,1.027674322622066150e+00,0.000000000000000000e+00,0.000000000000000000e+00,0.000000000000000000e+00,1.000000000000000000e+00
9.996528731643888888e-01,2.645585817304557143e-03,-2.621381357916664073e-02,-1.295973561969613330e+00,-1.565372269887665589e-03,9.991520151987770548e-01,4.114294516084898712e-02,-4.317774475639650333e+00,2.630043273850242794e-02,-4.108762895417911870e-02,9.988093620104973036e-01,1.064332764110083263e+00,0.000000000000000000e+00,0.000000000000000000e+00,0.000000000000000000e+00,1.000000000000000000e+00
9.994707815825538688e-01,2.711351284534202922e-03,-3.241552377598251600e-02,-8.172431413446181736e-01,-1.404343442275538196e-03,9.991876201583663741e-01,4.027540792914270640e-02,-4.251455426899630297e+00,3.249838982858926917e-02,-4.020857249539737388e-02,9.986626588059698273e-01,1.102173440535536342e+00,0.000000000000000000e+00,0.000000000000000000e+00,0.000000000000000000e+00,1.000000000000000000e+00
9.992585421310383742e-01,2.774738316906214496e-03,-3.840109361497493629e-02,-3.550761139313097781e-01,-1.272665608512278191e-03,9.992350765983563088e-01,3.908466572142698520e-02,-4.160130772619664796e+00,3.848016991765305927e-02,-3.900681546153117463e-02,9.984977240726952141e-01,1.140747241496859576e+00,0.000000000000000000e+00,0.000000000000000000e+00,0.000000000000000000e+00,1.000000000000000000e+00
9.990228504857946445e-01,2.835070168848221727e-03,-4.410562714587107358e-02,8.550200667588789272e-02,-1.176519592699792676e-03,9.992927436418574949e-01,3.758466189050084505e-02,-4.044853264546419247e+00,4.418098853172248291e-02,-3.749604465860384428e-02,9.983196127665631137e-01,1.179449047478326351e+00,0.000000000000000000e+00,0.000000000000000000e+00,0.000000000000000000e+00,1.000000000000000000e+00
9.987715463956046147e-01,2.891708492408493533e-03,-4.946758603901133672e-02,4.997204009178152218e-01,-1.120652540030715651e-03,9.993585881282642802e-01,3.579268658154266536e-02,-3.906938247922439267e+00,4.953936005670274423e-02,-3.569328167134127455e-02,9.981341897930182672e-01,1.217545996373539108e+00,0.000000000000000000e+00,0.000000000000000000e+00,0.000000000000000000e+00,1.000000000000000000e+00
9.985132810719530294e-01,2.944059574710364974e-03,-5.442944005792535456e-02,8.831159696923667202e-01,-1.108172998993833987e-03,9.994304082902216724e-01,3.372912169667740406e-02,-3.747944810781930425e+00,5.449773641810846947e-02,-3.361865923013521162e-02,9.979477846101156846e-01,1.254211244670617065e+00,0.000000000000000000e+00,0.000000000000000000e+00,0.000000000000000000e+00,1.000000000000000000e+00
9.982571751079265532e-01,2.991580284870326741e-03,-5.893826716196931548e-02,1.231577551669344572e+00,-1.140416651502759292e-03,9.995057172400639844e-01,3.141715149908037852e-02,-3.569652752197408407e+00,5.900311899868001392e-02,-3.129518284700915504e-02,9.977671509023138263e-01,1.288562321823631507e+00,0.000000000000000000e+00,0.000000000000000000e+00,0.000000000000000000e+00,1.000000000000000000e+00
9.980123229449141542e-01,3.033781494577483286e-03,-6.294624563267477158e-02,1.541388736418545014e+00,-1.216890638124331573e-03,9.995820539656331549e-01,2.888244867161365512e-02,-3.374040862429288357e+00,6.300756133727639097e-02,-2.874844018781499630e-02,9.975989248912703333e-01,1.319700766847923257e+00,0.000000000000000000e+00,0.000000000000000000e+00,0.000000000000000000e+00,1.000000000000000000e+00
9.977876479142492316e-01,3.070233601890934999e-03,-6.641112588259305560e-02,1.809262016808103279e+00,-1.335293718147540984e-03,9.996570560228275060e-01,2.615286335692485961e-02,-3.163261341749664890e+00,6.646864331761211109e-02,-2.600632467879847656e-02,9.974495526314316463e-01,1.346754457308079855e+00,0.000000000000000000e+00,0.000000000000000000e+00,0.000000000000000000e+00,1.000000000000000000e+00
9.975913104590969915e-01,3.100567745245629350e-03,-6.929656125610647588e-02,2.032368601027313648e+00,-1.491613037455386806e-03,9.997284073961629769e-01,2.325808696886956517e-02,-2.939614379801392285e+00,6.934985125690955321e-02,-2.309870079128992573e-02,9.973249424614557546e-01,1.368916398152243641e+00,0.000000000000000000e+00,0.000000000000000000e+00,0.000000000000000000e+00,1.000000000000000000e+00
9.974305260661006090e-01,3.124479843157613058e-03,-7.157244433586923416e-02,2.208362996476078699e+00,-1.680290528700870492e-03,9.997939497137018350e-01,2.022933456722010581e-02,-2.705522794954550392e+00,7.162090419205915937e-02,-2.005709402281179513e-02,9.972302732610800469e-01,1.385482939760638965e+00,0.000000000000000000e+00,0.000000000000000000e+00,0.000000000000000000e+00,1.000000000000000000e+00
9.973112303999615014e-01,3.141731134844687537e-03,-7.321511245232388554e-02,2.335402312468507713e+00,-1.894452501064722728e-03,9.998520111962559964e-01,1.709903048531738121e-02,-2.463507658445008186e+00,7.325799614139731630e-02,-1.691435225393922784e-02,9.971695688994881568e-01,1.395885479760937242e+00,0.000000000000000000e+00,0.000000000000000000e+00,0.000000000000000000e+00,1.000000000000000000e+00
9.972378432533431925e-01,3.152150735435691777e-03,-7.420755857293134805e-02,2.412158957291584915e+00,-2.126190367095233142e-03,9.999011127028344381e-01,1.390049136172913195e-02,-2.216162414467912622e+00,7.424403577919541641e-02,-1.370431670812616645e-02,9.971459408240641586e-01,1.399718009546260911e+00,0.000000000000000000e+00,0.000000000000000000e+00,0.000000000000000000e+00,1.000000000000000000e+00
9.972130424582439367e-01,3.155635266307191527e-03,-7.453951180853793379e-02,2.437833913408992359e+00,-2.366883350242404271e-03,9.999402979859994822e-01,1.066762985657078271e-02,-1.966129566713501697e+00,7.456872479855392033e-02,-1.046147329565597084e-02,9.971609758519124345e-01,1.396756020498627349e+00,0.000000000000000000e+00,0.000000000000000000e+00,0.000000000000000000e+00,1.000000000000000000e+00
9.972378428616550661e-01,3.152150738552491564e-03,-7.420756078390983168e-02,2.412159129071062669e+00,-2.607547682909537937e-03,9.999689526039113874e-01,7.434655556576893164e-03,-1.716075976848450368e+00,7.422869243190223509e-02,-7.220620271430108934e-03,9.972151103747338707e-01,1.386969468348234313e+00,0.000000000000000000e+00,0.000000000000000000e+00,0.000000000000000000e+00,1.000000000000000000e+00
9.973112298575540491e-01,3.141731183477492351e-03,-7.321511679530819106e-02,2.335402649090319471e+00,-2.839200887947809955e-03,9.999870035465334706e-01,4.235783902868610513e-03,-1.468669631862598246e+00,7.322747046816058258e-02,-4.016522271389476664e-03,9.973071661578498670e-01,1.370525166142728457e+00,0.000000000000000000e+00,0.000000000000000000e+00,0.000000000000000000e+00,1.000000000000000000e+00
9.974305253976089025e-01,3.124479829598306169e-03,-7.157245062484582365e-02,2.208363483639399938e+00,-3.053225274429580312e-03,9.999947241453880364e-01,1.104939861340919257e-03,-1.226555323080428472e+00,7.157552403285841192e-02,-8.835743967225093707e-04,9.974348212514269063e-01,1.347783069938617961e+00,0.000000000000000000e+00,0.000000000000000000e+00,0.000000000000000000e+00,1.000000000000000000e+00
9.975913094895239031e-01,3.100567794101201282e-03,-6.929656920253116081e-02,2.032369216919712063e+00,-3.241717809983559254e-03,9.999929198225828708e-01,-1.924534295746387329e-03,-9.923312128287866685e-01,6.929010805746463331e-02,2.144538743408924784e-03,9.975942435531581776e-01,1.319281967959366808e+00,0.000000000000000000e+00,0.000000000000000000e+00,0.000000000000000000e+00,1.000000000000000000e+00
9.977876467039644703e-01,3.070233589233385078e-03,-6.641113514734245382e-02,1.809262735222989527e+00,-3.397811362602569645e-03,9.999826027726202993e-01,-4.820185009120700990e-03,-7.685234690095551491e-01,6.639517988676822691e-02,5.035173888212248101e-03,9.977807108199415742e-01,1.285719225801377430e+00,0.000000000000000000e+00,0.000000000000000000e+00,0.000000000000000000e+00,1.000000000000000000e+00
9.980123217467552488e-01,3.033781657486967799e-03,-6.294625582669141628e-02,1.541389526245153574e+00,-3.515957014081323023e-03,9.999652912032782615e-01,-7.550760630243200620e-03,-5.575622166966254234e-01,6.292116542959662329e-02,7.757067006671558573e-03,9.979883745152345886e-01,1.247921945677560762e+00,0.000000000000000000e+00,0.000000000000000000e+00,0.000000000000000000e+00,1.000000000000000000e+00
