9.999357157945795160e-01,-1.991288138280358864e-03,1.116239445335284741e-02,-1.641830752064872834e-01,2.004179957045446828e-03,9.999973374130786130e-01,-1.143866011915400200e-03,4.788208524438637703e-02,-1.116008696568605678e-02,1.166163926633761701e-03,9.999370442785958657e-01,9.794513787683309380e-02,0.000000000000000000e+00,0.000000000000000000e+00,0.000000000000000000e+00,1.000000000000000000e+00
9.993424287402800088e-01,-9.478503077308618810e-03,3.499811564772994238e-02,2.264521308358269369e+00,1.297633733237665322e-02,9.947905656881625980e-01,-1.011105587328140903e-01,3.142003018816078352e+00,-3.385741852112763434e-02,1.014982186899796440e-01,9.942594162560626225e-01,-1.171041042291114165e+00,0.000000000000000000e+00,0.000000000000000000e+00,0.000000000000000000e+00,1.000000000000000000e+00
9.993549293532369981e-01,-8.442982368698804044e-03,3.490617747775021096e-02,2.118922926887573777e+00,1.191432897666038458e-02,9.948688663993824344e-01,-1.004688381252779872e-01,3.135753674695103577e+00,-3.387881258872964263e-02,1.008199123086766236e-01,9.943276981657747093e-01,-1.139715486011393164e+00,0.000000000000000000e+00,0.000000000000000000e+00,0.000000000000000000e+00,1.000000000000000000e+00
9.993663256617908441e-01,-7.407386618466117907e-03,3.481490710509008157e-02,1.973324545416878184e+00,1.085229057291196147e-02,9.949456281998588780e-01,-9.982697388636692371e-02,3.129504330574128801e+00,-3.389948262986573757e-02,1.001415375829274174e-01,9.943955437993247104e-01,-1.108389929731672163e+00,0.000000000000000000e+00,0.000000000000000000e+00,0.000000000000000000e+00,1.000000000000000000e+00
9.993766176305500792e-01,-6.371718227527837890e-03,3.472430474682385720e-02,1.827726163946182369e+00,9.790224583733842662e-03,9.950208508990916467e-01,-9.918496750338574863e-02,3.123254986453153581e+00,-3.391942859072596267e-02,9.946309608531510305e-02,9.944629529958378678e-01,-1.077064373451951163e+00,0.000000000000000000e+00,0.000000000000000000e+00,0.000000000000000000e+00,1.000000000000000000e+00
9.993858052292456939e-01,-5.335979597160426385e-03,3.463437061692967861e-02,1.682127782475486777e+00,8.728133471879288147e-03,9.950945343137179711e-01,-9.854282046431241116e-02,3.117005642332178805e+00,-3.393865042085814770e-02,9.878458938874694339e-02,9.945299255964635821e-01,-1.045738817172230162e+00,0.000000000000000000e+00,0.000000000000000000e+00,0.000000000000000000e+00,1.000000000000000000e+00
9.993938884327301375e-01,-4.300173128980963079e-03,3.454510492628779655e-02,1.536529401004791184e+00,7.666019700233295438e-03,9.951666782675128164e-01,-9.790053425778638685e-02,3.110756298211204030e+00,-3.395714807316830425e-02,9.810601906644239589e-02,9.945964614443746354e-01,-1.014413260892509161e+00,0.000000000000000000e+00,0.000000000000000000e+00,0.000000000000000000e+00,1.000000000000000000e+00
9.994008672209784283e-01,-3.264301224928582539e-03,3.445650788267887871e-02,1.390931019534095370e+00,6.603885731793580037e-03,9.952372825913906595e-01,-9.725811037309727014e-02,3.104506954090229254e+00,-3.397492150392102811e-02,9.742738669192090029e-02,9.946625603847695229e-01,-9.830877046127881602e-01,0.000000000000000000e+00,0.000000000000000000e+00,0.000000000000000000e+00,1.000000000000000000e+00
9.994067415790871545e-01,-2.228366287245906602e-03,3.436857969078246922e-02,1.245332638063399777e+00,5.541734029651523841e-03,9.953063471234067094e-01,-9.661555030017314472e-02,3.098257609969254478e+00,-3.399197067273979078e-02,9.674869383898963837e-02,9.947282222648723415e-01,-9.517621483330671595e-01,0.000000000000000000e+00,0.000000000000000000e+00,0.000000000000000000e+00,1.000000000000000000e+00
9.994115114972755842e-01,-1.192370718460475897e-03,3.428132055217535112e-02,1.099734256592704185e+00,4.479567056973142621e-03,9.953738717087579069e-01,-9.597285552956913435e-02,3.092008265848279258e+00,-3.400829554260728638e-02,9.606994208173139094e-02,9.947934469339350105e-01,-9.204365920533461587e-01,0.000000000000000000e+00,0.000000000000000000e+00,0.000000000000000000e+00,1.000000000000000000e+00
9.994151769708849997e-01,-1.563169213661807101e-04,3.419473066533001981e-02,9.541358751220085921e-01,3.417387276980043097e-03,9.954398561997841455e-01,-9.533002755245582882e-02,3.085758921727304482e+00,-3.402389607986570919e-02,9.539113299449246408e-02,9.948582342432379377e-01,-8.891110357736251579e-01,0.000000000000000000e+00,0.000000000000000000e+00,0.000000000000000000e+00,1.000000000000000000e+00
9.994177380003801403e-01,8.797927009953212607e-04,3.410881022561325360e-02,8.085374936513129995e-01,2.355197152930387818e-03,9.955043004559706032e-01,-9.468706786060793190e-02,3.079509577606329707e+00,-3.403877225421698960e-02,9.471226815187047676e-02,9.949225840460923509e-01,-8.577854794939041572e-01,0.000000000000000000e+00,0.000000000000000000e+00,0.000000000000000000e+00,1.000000000000000000e+00
9.994170541451889989e-01,4.634714794269243973e-04,3.413703381871022874e-02,6.532721747051685179e-01,2.775007096980660389e-03,9.954964232956506898e-01,-9.475848532547366532e-02,3.076456622366618987e+00,-3.402721292383075608e-02,9.479797677036182202e-02,9.949148166455669129e-01,-8.511838383515588635e-01,0.000000000000000000e+00,0.000000000000000000e+00,0.000000000000000000e+00,1.000000000000000000e+00
9.994161950461504240e-01,4.715245786789156249e-05,3.416528729750496068e-02,4.980068557590240363e-01,3.194815874967955448e-03,9.954883650973754827e-01,-9.482989036838412877e-02,3.073403667126908712e+00,-3.401561745728554770e-02,9.488368001084496184e-02,9.949070434149109854e-01,-8.445821972092136809e-01,0.000000000000000000e+00,0.000000000000000000e+00,0.000000000000000000e+00,1.000000000000000000e+00
9.994151607033302520e-01,-3.691642503169006214e-04,3.419357065433253212e-02,3.427415368128795548e-01,3.614623372578125438e-03,9.954801258631658101e-01,-9.490128296988395440e-02,3.070350711887197992e+00,-3.400398585770431775e-02,9.496937784997783183e-02,9.948992643562347693e-01,-8.379805560668683873e-01,0.000000000000000000e+00,0.000000000000000000e+00,0.000000000000000000e+00,1.000000000000000000e+00
9.994139511168914636e-01,-7.854785317637127517e-04,3.422188388151180261e-02,1.874762178667350732e-01,4.034429475497600462e-03,9.954717055951424198e-01,-9.497266311052462995e-02,3.067297756647487716e+00,-3.399231812822972598e-02,9.505507026442150398e-02,9.948914794716532395e-01,-8.313789149245230936e-01,0.000000000000000000e+00,0.000000000000000000e+00,0.000000000000000000e+00,1.000000000000000000e+00
9.994125662870917415e-01,-1.201790273110041199e-03,3.425022697134534611e-02,3.221089892059059157e-02,4.454234069413483266e-03,9.954631042955242037e-01,-9.504403077086441554e-02,3.064244801407776997e+00,-3.398061427202413165e-02,9.514075723083985359e-02,9.948836887632835912e-01,-8.247772737821779110e-01,0.000000000000000000e+00,0.000000000000000000e+00,0.000000000000000000e+00,1.000000000000000000e+00
9.994110062142845807e-01,-1.618099360994728047e-03,3.427859991611944407e-02,-1.230544200255538900e-01,4.874037040013658520e-03,9.954543219666287523e-01,-9.511538593146839915e-02,3.061191846168066277e+00,-3.396887429226954497e-02,9.522643872589980907e-02,9.948758922332466836e-01,-8.181756326398326173e-01,0.000000000000000000e+00,0.000000000000000000e+00,0.000000000000000000e+00,1.000000000000000000e+00
9.994092708989181784e-01,-2.034405682058059751e-03,3.430700270810415481e-02,-2.783197389716982606e-01,5.293838272986897339e-03,9.954453586108718000e-01,-9.518672857290834399e-02,3.058138890928356002e+00,-3.395709819216764097e-02,9.531211472627117154e-02,9.948680898836658182e-01,-8.115739914974873237e-01,0.000000000000000000e+00,0.000000000000000000e+00,0.000000000000000000e+00,1.000000000000000000e+00
9.994073603415366547e-01,-2.450709122941867758e-03,3.433543533955326493e-02,-4.335850579178428532e-01,5.713637654022952692e-03,9.954362142307680017e-01,-9.525805867576296604e-02,3.055085935688645282e+00,-3.394528597493980809e-02,9.539778520862680911e-02,9.948602817166680712e-01,-8.049723503551420301e-01,0.000000000000000000e+00,0.000000000000000000e+00,0.000000000000000000e+00,1.000000000000000000e+00
9.994052745427797202e-01,-2.867009570289636919e-03,3.436389780270431016e-02,-5.888503768639874458e-01,6.133435068812672156e-03,9.954268888289307116e-01,-9.532937622061773975e-02,3.052032980448935007e+00,-3.393343764382703021e-02,9.548345014964262911e-02,9.948524677343837386e-01,-7.983707092127968474e-01,0.000000000000000000e+00,0.000000000000000000e+00,0.000000000000000000e+00,1.000000000000000000e+00
9.994030135033825646e-01,-3.283306910746610664e-03,3.439239008977862389e-02,-7.441156958101318164e-01,6.553230403048104606e-03,9.954173824080719823e-01,-9.540068118806507846e-02,3.048980025209224287e+00,-3.392155320209004621e-02,9.556910952599753650e-02,9.948446479389461139e-01,-7.917690680704515538e-01,0.000000000000000000e+00,0.000000000000000000e+00,0.000000000000000000e+00,1.000000000000000000e+00
9.994112308104622366e-01,-3.356212552999123834e-03,3.414568153098721665e-02,-8.827888190269670421e-01,6.598158378803315773e-03,9.954286359909986226e-01,-9.528008687605007965e-02,3.053960827278906720e+00,-3.366980896774939697e-02,9.544928751121464772e-02,9.948647031017213704e-01,-7.925539258711356005e-01,0.000000000000000000e+00,0.000000000000000000e+00,0.000000000000000000e+00,1.000000000000000000e+00
9.994193823064583260e-01,-3.429088478808782394e-03,3.389896196613587098e-02,-1.021461942243802268e+00,6.643116853668558711e-03,9.954398716807929537e-01,-9.515950224015849723e-02,3.058941629348589597e+00,-3.341806799690147378e-02,9.532944571500835684e-02,9.948846815139046340e-01,-7.933387836718196473e-01,0.000000000000000000e+00,0.000000000000000000e+00,0.000000000000000000e+00,1.000000000000000000e+00
9.994274679903581982e-01,-3.501934679359380333e-03,3.365223142502443004e-02,-1.160135065460637716e+00,6.688105822225602452e-03,9.954510894760897344e-01,-9.503892729496135616e-02,3.063922431418272474e+00,-3.316633031995872699e-02,9.520958415184754831e-02,9.949045831730497502e-01,-7.941236414725036941e-01,0.000000000000000000e+00,0.000000000000000000e+00,0.000000000000000000e+00,1.000000000000000000e+00
9.994354878611644288e-01,-3.574751145841891659e-03,3.340548993745538764e-02,-1.298808188677472941e+00,6.733125279048851261e-03,9.954622893755279422e-01,-9.491836205502741930e-02,3.068903233487954907e+00,-3.291459596733285753e-02,9.508970283620586661e-02,9.949244080767288834e-01,-7.949084992731877408e-01,0.000000000000000000e+00,0.000000000000000000e+00,0.000000000000000000e+00,1.000000000000000000e+00
9.994434419178972462e-01,-3.647537869454472569e-03,3.315873753323390905e-02,-1.437481311894308167e+00,6.778175218705335958e-03,9.954734713777519950e-01,-9.479780653492317355e-02,3.073884035557637340e+00,-3.266286496943476836e-02,9.496980178256186900e-02,9.949441562225337377e-01,-7.956933570738717876e-01,0.000000000000000000e+00,0.000000000000000000e+00,0.000000000000000000e+00,1.000000000000000000e+00
9.994513301595909782e-01,-3.720294841402459283e-03,3.291197424216780326e-02,-1.576154435111143393e+00,6.823255635754725199e-03,9.954846354814094189e-01,-9.467726074921262169e-02,3.078864837627320217e+00,-3.241113735667453671e-02,9.484988100539867850e-02,9.949638276080735588e-01,-7.964782148745558343e-01,0.000000000000000000e+00,0.000000000000000000e+00,0.000000000000000000e+00,1.000000000000000000e+00
9.994591525852971614e-01,-3.793022052898384518e-03,3.266520009406749525e-02,-1.714827558327978618e+00,6.868366524749323736e-03,9.954957816851530694e-01,-9.455672471245749056e-02,3.083845639697003094e+00,-3.215941315946146961e-02,9.472994051920433090e-02,9.949834222309770215e-01,-7.972630726752398811e-01,0.000000000000000000e+00,0.000000000000000000e+00,0.000000000000000000e+00,1.000000000000000000e+00
9.994669091940828753e-01,-3.865719495161963615e-03,3.241841511874603982e-02,-1.853500681544813844e+00,6.913507880234072422e-03,9.955069099876396876e-01,-9.443619843921714774e-02,3.088826441766685527e+00,-3.190769240820399283e-02,9.460998033847160815e-02,9.950029400888910081e-01,-7.980479304759239279e-01,0.000000000000000000e+00,0.000000000000000000e+00,0.000000000000000000e+00,1.000000000000000000e+00
9.994745999850307427e-01,-3.938387159420113186e-03,3.217161934601910772e-02,-1.992173804761649070e+00,6.958679696746556016e-03,9.955180203875302336e-01,-9.431568194404862937e-02,3.093807243836367959e+00,-3.165597513330972029e-02,9.449000047769801069e-02,9.950223811794807194e-01,-7.988327882766079746e-01,0.000000000000000000e+00,0.000000000000000000e+00,0.000000000000000000e+00,1.000000000000000000e+00
9.994822249572394846e-01,-4.011025036906946777e-03,3.192481280570493019e-02,-2.130846927978484295e+00,7.003881968817001445e-03,9.955291128834901082e-01,-9.419517524150652910e-02,3.098788045906050836e+00,-3.140426136518539857e-02,9.437000095138575739e-02,9.950417455004300082e-01,-7.996176460772920214e-01,0.000000000000000000e+00,0.000000000000000000e+00,0.000000000000000000e+00,1.000000000000000000e+00
9.995823327649806522e-01,-3.166504173201069045e-03,2.872513316662739236e-02,-2.351009379146562051e+00,5.846364891629662192e-03,9.955837770263554765e-01,-9.369505290830369704e-02,3.106585652321487423e+00,-2.830159079757350177e-02,9.382385716467324388e-02,9.951864668418022308e-01,-7.977028704705373396e-01,0.000000000000000000e+00,0.000000000000000000e+00,0.000000000000000000e+00,1.000000000000000000e+00
9.996714782411977307e-01,-2.320209391843791082e-03,2.552552094349553116e-02,-2.571171830314639806e+00,4.690381314630073274e-03,9.956371841161512082e-01,-9.319119018654534181e-02,3.114383258736924454e+00,-2.519793472057180531e-02,9.328029927931993925e-02,9.953209783040738445e-01,-7.957880948637826579e-01,0.000000000000000000e+00,0.000000000000000000e+00,0.000000000000000000e+00,1.000000000000000000e+00
9.997496592338804833e-01,-1.472154870715775563e-03,2.232603013918743259e-02,-2.791334281482717117e+00,3.535950837587877038e-03,9.956893331772886935e-01,-9.268359535883247124e-02,3.122180865152361040e+00,-2.209334545544063347e-02,9.273933662153432955e-02,9.954452770140524986e-01,-7.938733192570279762e-01,0.000000000000000000e+00,0.000000000000000000e+00,0.000000000000000000e+00,1.000000000000000000e+00
9.998168739609673006e-01,-6.223548480524995199e-04,1.912671475612850308e-02,-3.011496732650794872e+00,2.383093009172998055e-03,9.957402232765789618e-01,-9.217227683429778107e-02,3.129978471567797627e+00,-1.898787535847096947e-02,9.220097843055626019e-02,9.955593604430723609e-01,-7.919585436502732945e-01,0.000000000000000000e+00,0.000000000000000000e+00,0.000000000000000000e+00,1.000000000000000000e+00
9.998731210104669920e-01,2.291763783524915785e-04,1.592762879325334766e-02,-3.231659183818872627e+00,1.231827325852313023e-03,9.957898535232833082e-01,-9.165724314814099882e-02,3.137776077983234657e+00,-1.588157681804144503e-02,9.166523385813055147e-02,9.956632264071556548e-01,-7.900437680435186127e-01,0.000000000000000000e+00,0.000000000000000000e+00,0.000000000000000000e+00,1.000000000000000000e+00
9.999183993405573734e-01,1.082424451949412156e-03,1.272882624296794822e-02,-3.451821634986950382e+00,8.217323079065541342e-05,9.958382230691689152e-01,-9.113850296115452720e-02,3.145573684398671244e+00,-1.277450225167262553e-02,9.113211196798884361e-02,9.957568730671538804e-01,-7.881289924367638200e-01,0.000000000000000000e+00,0.000000000000000000e+00,0.000000000000000000e+00,1.000000000000000000e+00
9.999527082796472177e-01,1.937374958239046659e-03,9.530361088112108969e-03,-3.671984086155028137e+00,-1.065849887243729231e-03,9.958853311085558158e-01,-9.061606505923766597e-02,3.153371290814107830e+00,-9.666704103078550825e-03,9.060162173533825580e-02,9.958402989288543949e-01,-7.862142168300091383e-01,0.000000000000000000e+00,0.000000000000000000e+00,0.000000000000000000e+00,1.000000000000000000e+00
9.999760475264104498e-01,2.794013425584449765e-03,6.332287298922858500e-03,-3.892146537323105449e+00,-2.212222694969123282e-03,9.959311768783617458e-01,-9.008993835290070307e-02,3.161168897229544417e+00,-6.558234839216224750e-03,9.007377204635787227e-02,9.959135028430604608e-01,-7.842994412232544565e-01,0.000000000000000000e+00,0.000000000000000000e+00,0.000000000000000000e+00,1.000000000000000000e+00
9.999884171497849250e-01,3.652325326027438222e-03,3.134658829998913151e-03,-4.112308988491183648e+00,-3.356925915675567675e-03,9.959757596581425565e-01,-8.956013187675845866e-02,3.168966503644981447e+00,-3.449146947333114454e-03,8.954857169770247260e-02,9.959764840056400947e-01,-7.823846656164997748e-01,0.000000000000000000e+00,0.000000000000000000e+00,0.000000000000000000e+00,1.000000000000000000e+00
9.999898175889456731e-01,4.512296076109795391e-03,-6.247038273328068625e-05,-4.332471439659260959e+00,-4.499940330305253651e-03,9.960190787701315163e-01,-8.902665478901333751e-02,3.176764110060418034e+00,-3.394929320132263019e-04,8.902602939601420018e-02,9.960292419575487166e-01,-7.804698900097450931e-01,0.000000000000000000e+00,0.000000000000000000e+00,0.000000000000000000e+00,1.000000000000000000e+00
9.999947039071684918e-01,3.244863665559965821e-03,2.510326798964625261e-04,-4.405030302401842235e+00,-3.209502832684484660e-03,9.960029329086854677e-01,-8.926285189743567161e-02,3.059864167994317707e+00,-5.396750702390533828e-04,8.926157346298839446e-02,9.960080723838186101e-01,-7.547122406693712593e-01,0.000000000000000000e+00,0.000000000000000000e+00,0.000000000000000000e+00,1.000000000000000000e+00
9.999978852326950607e-01,1.977495677749078768e-03,5.648371289933155947e-04,-4.477589165144423511e+00,-1.919008125169712311e-03,9.959850956876398209e-01,-8.949864007848770675e-02,2.942964225928217825e+00,-7.395525358879689653e-04,8.949736688264989248e-02,9.959867842411962435e-01,-7.289545913289974255e-01,0.000000000000000000e+00,0.000000000000000000e+00,0.000000000000000000e+00,1.000000000000000000e+00
9.999993615413584891e-01,7.101954610548242555e-04,8.789421384219292619e-04,-4.550148027887004787e+00,-6.284596161038627461e-04,9.959655671384746167e-01,-8.973401870554882642e-02,2.826064283862117499e+00,-9.391247981621897185e-04,8.973340903445024830e-02,9.959653775848182899e-01,-7.031969419886234807e-01,0.000000000000000000e+00,0.000000000000000000e+00,0.000000000000000000e+00,1.000000000000000000e+00
9.999991328179995698e-01,-5.570336364677669089e-04,1.193346880450349857e-03,-4.622706890629586063e+00,6.621392858498897221e-04,9.959443473016059700e-01,-8.996898715415545256e-02,2.709164341796017172e+00,-1.138391327870730014e-03,8.996969929652036402e-02,9.959438524704485873e-01,-6.774392926482496469e-01,0.000000000000000000e+00,0.000000000000000000e+00,0.000000000000000000e+00,1.000000000000000000e+00
9.999971990564662239e-01,-1.824188267115807146e-03,1.508050525757287895e-03,-4.695265753372167339e+00,1.952785171738131596e-03,9.959214362263848486e-01,-9.020354480200658276e-02,2.592264399729916846e+00,-1.337351597434077548e-03,9.020623704567597156e-02,9.959222089544764733e-01,-6.516816433078758131e-01,0.000000000000000000e+00,0.000000000000000000e+00,0.000000000000000000e+00,1.000000000000000000e+00
9.999935602596151663e-01,-3.091265083568031560e-03,1.823052243439412645e-03,-4.767824616114748615e+00,3.243474632347225894e-03,9.958968339710985163e-01,-9.043769102896936918e-02,2.475364457663816964e+00,-1.536005080888852917e-03,9.044302165742318378e-02,9.959004470939181175e-01,-6.259239939675019793e-01,0.000000000000000000e+00,0.000000000000000000e+00,0.000000000000000000e+00,1.000000000000000000e+00
9.999882164393102402e-01,-4.358260738914267532e-03,2.138351201018661926e-03,-4.840383478857329891e+00,4.534204258233325360e-03,9.958705406029677576e-01,-9.067142521708448921e-02,2.358464515597716638e+00,-1.734351253892439703e-03,9.068005250596386513e-02,9.958785669464143009e-01,-6.001663446271281455e-01,0.000000000000000000e+00,0.000000000000000000e+00,0.000000000000000000e+00,1.000000000000000000e+00
9.999811676164226393e-01,-5.625171886684912984e-03,2.453946564449576741e-03,-4.912942341599911167e+00,5.824970639752397386e-03,9.958425561981474328e-01,-9.090474675057159948e-02,2.241564573531616311e+00,-1.932389593727601440e-03,9.091732896420122445e-02,9.958565685702299719e-01,-5.744086952867542006e-01,0.000000000000000000e+00,0.000000000000000000e+00,0.000000000000000000e+00,1.000000000000000000e+00
9.999724138208315738e-01,-6.891995180880388511e-03,2.769837498126655195e-03,-4.985501204342492443e+00,7.115770367090249252e-03,9.958128808417258115e-01,-9.113765501583473427e-02,2.124664631465516429e+00,-2.130119579307070826e-03,9.115485040374532444e-02,9.958344520242551345e-01,-5.486510459463803668e-01,0.000000000000000000e+00,0.000000000000000000e+00,0.000000000000000000e+00,1.000000000000000000e+00
9.999619550914232713e-01,-8.158727276000598411e-03,3.086023164891728548e-03,-5.058060067085073719e+00,8.406600030292542963e-03,9.957815146277240181e-01,-9.137014940146778730e-02,2.007764689399416103e+00,-2.327540691178123320e-03,9.139261619491861888e-02,9.958122173680031830e-01,-5.228933966060065330e-01,0.000000000000000000e+00,0.000000000000000000e+00,0.000000000000000000e+00,1.000000000000000000e+00
9.999611247011159776e-01,-7.875942246481058145e-03,3.964671513432673454e-03,-4.911406756749263636e+00,8.203870495307970245e-03,9.958236163459949220e-01,-9.092866234846398721e-02,2.003685226967173438e+00,-3.231964630924194764e-03,9.095765312119070967e-02,9.958495166154922584e-01,-4.823391858492397377e-01,0.000000000000000000e+00,0.000000000000000000e+00,0.000000000000000000e+00,1.000000000000000000e+00
9.999594387778920623e-01,-7.593540091381892690e-03,4.843443804122695741e-03,-4.764753446413452664e+00,8.000739199149972322e-03,9.958654680029921380e-01,-9.048733508866652064e-02,1.999605764534930552e+00,-4.136299223980744073e-03,9.052241594247256717e-02,9.958858284164243679e-01,-4.417849750924729424e-01,0.000000000000000000e+00,0.000000000000000000e+00,0.000000000000000000e+00,1.000000000000000000e+00
9.999568973196926169e-01,-7.311521257248253594e-03,5.722338654658525731e-03,-4.618100136077641693e+00,7.797206459287626262e-03,9.959070695314734545e-01,-9.004616831750339445e-02,1.995526302102687888e+00,-5.040543046640465555e-03,9.008690534221783230e-02,9.959211527082137971e-01,-4.012307643357061471e-01,0.000000000000000000e+00,0.000000000000000000e+00,0.000000000000000000e+00,1.000000000000000000e+00
9.999535003271509126e-01,-7.029886189421579931e-03,6.601354682342431938e-03,-4.471446825741831610e+00,7.593272594455566238e-03,9.959484208649832526e-01,-8.960516272990186326e-02,1.991446839670445224e+00,-5.944694675472798721e-03,8.965112200474505133e-02,9.959554894313829010e-01,-3.606765535789393518e-01,0.000000000000000000e+00,0.000000000000000000e+00,0.000000000000000000e+00,1.000000000000000000e+00
9.999492478035937326e-01,-6.748635332037258155e-03,7.480490504089469181e-03,-4.324793515406021527e+00,7.388937924652325129e-03,9.959895219378536169e-01,-8.916431902028476575e-02,1.987367377238202337e+00,-6.848752687331389338e-03,8.921506661523409543e-02,9.959888385295624369e-01,-3.201223428221725564e-01,0.000000000000000000e+00,0.000000000000000000e+00,0.000000000000000000e+00,1.000000000000000000e+00
9.999441397550405952e-01,-6.467769128022287164e-03,8.359744736434731455e-03,-4.178140205070210556e+00,7.184202771138658780e-03,9.960303726852038908e-01,-8.872363788256688866e-02,1.983287914805959673e+00,-7.752715659361562178e-03,8.877873985972258020e-02,9.960211999494913426e-01,-2.795681320654057056e-01,0.000000000000000000e+00,0.000000000000000000e+00,0.000000000000000000e+00,1.000000000000000000e+00
9.999381761902033094e-01,-6.187288019092954637e-03,9.239115995540610887e-03,-4.031486894734399584e+00,6.979067456435857249e-03,9.960709730429414543e-01,-8.828312001015130306e-02,1.979208452373717009e+00,-8.656582169007782934e-03,8.834214242510222970e-02,9.960525736410175135e-01,-2.390139213086389103e-01,0.000000000000000000e+00,0.000000000000000000e+00,0.000000000000000000e+00,1.000000000000000000e+00
9.999313571204863083e-01,-5.907192445752517708e-03,1.011860289720405495e-02,-3.884833584398589501e+00,6.773532304324060387e-03,9.961113229477610576e-01,-8.784276609592574225e-02,1.975128989941474345e+00,-9.560350794021121867e-03,8.790527499911530984e-02,9.960829595570969142e-01,-1.984597105518721150e-01,0.000000000000000000e+00,0.000000000000000000e+00,0.000000000000000000e+00,1.000000000000000000e+00
9.999236825599878697e-01,-5.627482847288903592e-03,1.099820405686383756e-02,-3.738180274062778974e+00,6.567597639840550006e-03,9.961514223371477073e-01,-8.740257683225900742e-02,1.971049527509231458e+00,-1.046402011246671052e-02,8.746813827035103406e-02,9.961123576537964652e-01,-1.579054997951053196e-01,0.000000000000000000e+00,0.000000000000000000e+00,0.000000000000000000e+00,1.000000000000000000e+00
9.999151525254973416e-01,-5.348159661772405871e-03,1.187791808960781195e-02,-3.591526963726968447e+00,6.361263789278032502e-03,9.961912711493737804e-01,-8.696255291099720675e-02,1.966970065076988794e+00,-1.136758870273120448e-02,8.703073292824183016e-02,9.961407678902909346e-01,-1.173512890383385104e-01,0.000000000000000000e+00,0.000000000000000000e+00,0.000000000000000000e+00,1.000000000000000000e+00
9.999180417308020097e-01,-4.523728642723263797e-03,1.197688191496675339e-02,-3.219959074520153841e+00,5.546313474479464163e-03,9.962127220784209314e-01,-8.677240791833328026e-02,1.975440271820180449e+00,-1.153898730742260875e-02,8.683172374351337541e-02,9.961561642250923443e-01,-1.346122381104236654e-01,0.000000000000000000e+00,0.000000000000000000e+00,0.000000000000000000e+00,1.000000000000000000e+00
9.999202394359069102e-01,-3.699313162696713821e-03,1.207600300442899718e-02,-2.848391185313339236e+00,4.731325534944698548e-03,9.962334630740935504e-01,-8.658234005893546137e-02,1.983910478563371882e+00,-1.171022310295835589e-02,8.663256970402678780e-02,9.961715055859386991e-01,-1.518731871825088342e-01,0.000000000000000000e+00,0.000000000000000000e+00,0.000000000000000000e+00,1.000000000000000000e+00
9.999217456357569755e-01,-2.874914124163865069e-03,1.217528125009834615e-02,-2.476823296106525074e+00,3.916300862621708602e-03,9.962534941109683073e-01,-8.639234954114909104e-02,1.992380685306563537e+00,-1.188129590127868541e-02,8.643327102722271615e-02,9.961867919558263784e-01,-1.691341362545940030e-01,0.000000000000000000e+00,0.000000000000000000e+00,0.000000000000000000e+00,1.000000000000000000e+00
9.999225603268117046e-01,-2.050532429563783291e-03,1.227471654373405753e-02,-2.105255406899710469e+00,3.101240349542788276e-03,9.962728151651767394e-01,-8.620243657315095065e-02,2.000850892049755192e+00,-1.205220551467983507e-02,8.623382793085930531e-02,9.962020233178725537e-01,-1.863950853266791441e-01,0.000000000000000000e+00,0.000000000000000000e+00,0.000000000000000000e+00,1.000000000000000000e+00
9.999226835070436081e-01,-1.226168981300197487e-03,1.237430877675126627e-02,-1.733687517692895863e+00,2.286144887821297753e-03,9.962914262144036970e-01,-8.601260136294874847e-02,2.009321098792946625e+00,-1.222295175581474512e-02,8.603424063301157165e-02,9.962171996553143005e-01,-2.036560343987643407e-01,0.000000000000000000e+00,0.000000000000000000e+00,0.000000000000000000e+00,1.000000000000000000e+00
9.999221151759389858e-01,-4.018246817382082649e-04,1.247405784022137532e-02,-1.362119628486081702e+00,1.471015369648407149e-03,9.963093272378885645e-01,-8.582284411838023153e-02,2.017791305536138502e+00,-1.239353443769373314e-02,8.583450935207051491e-02,9.962323209515091538e-01,-2.209169834708494817e-01,0.000000000000000000e+00,0.000000000000000000e+00,0.000000000000000000e+00,1.000000000000000000e+00
9.999208553344992589e-01,4.224995667990009171e-04,1.257396362487245810e-02,-9.905517392792670961e-01,6.558526872898489020e-04,9.963265182164262601e-01,-8.563316504711251942e-02,2.026261512279329935e+00,-1.256395337368520181e-02,8.563463430674234100e-02,9.962473871899361066e-01,-2.381779325429346228e-01,0.000000000000000000e+00,0.000000000000000000e+00,0.000000000000000000e+00,1.000000000000000000e+00
9.999189039852381944e-01,1.246802862033463471e-03,1.267402602108964361e-02,-6.189838500724524906e-01,-1.593422669173478502e-04,9.963429991323643486e-01,-8.544356435664124394e-02,2.034731719022521368e+00,-1.273420837751628072e-02,8.543461571604771265e-02,9.962623983541932793e-01,-2.554388816150198194e-01,0.000000000000000000e+00,0.000000000000000000e+00,0.000000000000000000e+00,1.000000000000000000e+00
9.999162611321843475e-01,2.071084301735715786e-03,1.277424491891552064e-02,-2.474159608656378850e-01,-9.745686005681078153e-04,9.963587699696061506e-01,-8.525404225428979965e-02,2.043201925765713245e+00,-1.290429926327353247e-02,8.523445379932077792e-02,9.962773544280002502e-01,-2.726998306871049604e-01,0.000000000000000000e+00,0.000000000000000000e+00,0.000000000000000000e+00,1.000000000000000000e+00
9.999129267808797294e-01,2.895342983728091141e-03,1.287462020805056270e-02,1.241519283411769148e-01,-1.789825421192565730e-03,9.963738307136092986e-01,-8.506459894720873327e-02,2.051672132508904678e+00,-1.307422584540363086e-02,8.503414877620867063e-02,9.962922553951972793e-01,-2.899607797591901570e-01,0.000000000000000000e+00,0.000000000000000000e+00,0.000000000000000000e+00,1.000000000000000000e+00
9.999295057003581011e-01,1.490196103451740719e-03,1.177976847865847519e-02,3.095309193020684968e-01,-4.862372655258150262e-04,9.964000119241710474e-01,-8.477487723868010194e-02,2.043003075330173335e+00,-1.186369264433096045e-02,8.476317333066835102e-02,9.963304959920457060e-01,-2.882334976248854819e-01,0.000000000000000000e+00,0.000000000000000000e+00,0.000000000000000000e+00,1.000000000000000000e+00
9.999429156044552514e-01,8.533612205853492120e-05,1.068448642694152032e-02,4.949099102629600511e-01,8.177113553225042126e-04,9.964242821404335482e-01,-8.448657472676296409e-02,2.034334018151442436e+00,-1.065349147465760246e-02,8.449048868759015396e-02,9.963673320822654667e-01,-2.865062154905808067e-01,0.000000000000000000e+00,0.000000000000000000e+00,0.000000000000000000e+00,1.000000000000000000e+00
9.999531563737660278e-01,-1.319230109125516361e-03,9.588779383297775863e-03,6.802889012238516608e-01,2.122014092848933161e-03,9.964466412115229321e-01,-8.419969284067534143e-02,2.025664960972711093e+00,-9.443628239830829593e-03,8.421609614671947408e-02,9.964027634623833229e-01,-2.847789333562761871e-01,0.000000000000000000e+00,0.000000000000000000e+00,0.000000000000000000e+00,1.000000000000000000e+00
9.999602279197721266e-01,-2.723495741503972629e-03,8.492652682371535852e-03,8.656678921847432706e-01,3.426664594974751597e-03,9.964670890051900987e-01,-8.391423299581651785e-02,2.016995903793979750e+00,-8.234108840119205505e-03,8.393999702447363376e-02,9.964367899426137543e-01,-2.830516512219715120e-01,0.000000000000000000e+00,0.000000000000000000e+00,0.000000000000000000e+00,1.000000000000000000e+00
9.999641301848435360e-01,-4.127453929321273259e-03,7.396111662966741752e-03,1.051046883145634769e+00,4.731656506149093007e-03,9.964856254078129361e-01,-8.363019659374378023e-02,2.008326846615248407e+00,-7.024939172516672832e-03,8.366219265392073334e-02,9.964694113468617331e-01,-2.813243690876668368e-01,0.000000000000000000e+00,0.000000000000000000e+00,0.000000000000000000e+00,1.000000000000000000e+00
9.999648631422399792e-01,-5.531097829773973934e-03,6.299161667960307028e-03,1.236425874106526379e+00,6.036983467452143939e-03,9.965022503243982088e-01,-8.334758502214958953e-02,1.999657789436517286e+00,-5.816125130646721854e-03,8.338268438475829325e-02,9.965006275127260560e-01,-2.795970869533621617e-01,0.000000000000000000e+00,0.000000000000000000e+00,0.000000000000000000e+00,1.000000000000000000e+00
9.999624267961122470e-01,-6.934420603121921496e-03,5.201808044215346268e-03,1.421804865067417989e+00,7.342639116698425859e-03,9.965169636785841112e-01,-8.306639965483880728e-02,1.990988732257786165e+00,-4.607672604666637230e-03,8.310147358329136869e-02,9.965304382915023407e-01,-2.778698048190574865e-01,0.000000000000000000e+00,0.000000000000000000e+00,0.000000000000000000e+00,1.000000000000000000e+00
9.999568211815014207e-01,-8.337415412799356260e-03,4.104056142494297635e-03,1.607183856028309599e+00,8.648617088540177730e-03,9.965297654126407112e-01,-8.278664185170658829e-02,1.982319675079054822e+00,-3.399587481171831033e-03,8.281856163241030355e-02,9.965588435481851359e-01,-2.761425226847528669e-01,0.000000000000000000e+00,0.000000000000000000e+00,0.000000000000000000e+00,1.000000000000000000e+00
9.999480463643384276e-01,-9.740075425525912198e-03,3.005911317371947732e-03,1.792562846989201208e+00,9.954911014570766783e-03,9.965406554874710610e-01,-8.250831295871635662e-02,1.973650617900323478e+00,-2.191875643100254286e-03,8.253394993156798476e-02,9.965858431614702528e-01,-2.744152405504481917e-01,0.000000000000000000e+00,0.000000000000000000e+00,0.000000000000000000e+00,1.000000000000000000e+00
9.999361024414408217e-01,-1.114239381141757593e-02,1.907378927148381878e-03,1.977941837950092818e+00,1.126151452342822809e-02,9.965496338826104195e-01,-8.223141430787825334e-02,1.964981560721592357e+00,-9.845429696369091023e-04,8.224763989675687448e-02,9.966114370237552089e-01,-2.726879584161435166e-01,0.000000000000000000e+00,0.000000000000000000e+00,0.000000000000000000e+00,1.000000000000000000e+00
9.999388874687005213e-01,-1.071902976568340875e-02,2.706238854921782372e-03,2.156262984484167866e+00,1.090332490224415161e-02,9.966418501283430542e-01,-8.115503729793600851e-02,1.954146362467986897e+00,-1.827247638826730606e-03,8.117958470967732987e-02,9.966978158862548343e-01,-2.461761425589965302e-01,0.000000000000000000e+00,0.000000000000000000e+00,0.000000000000000000e+00,1.000000000000000000e+00
9.999408446352587854e-01,-1.029651888815799263e-02,3.505556861733890792e-03,2.334584131018243358e+00,1.054422240752155709e-02,9.967327612601998288e-01,-8.007884867078211844e-02,1.943311164214381437e+00,-2.669569992670007934e-03,8.011107494849327437e-02,9.967823679553380334e-01,-2.196643267018495715e-01,0.000000000000000000e+00,0.000000000000000000e+00,0.000000000000000000e+00,1.000000000000000000e+00
9.999419739266566243e-01,-9.874862446154403228e-03,4.305330571646954173e-03,2.512905277552318406e+00,1.018420809930596291e-02,9.968223669938032216e-01,-7.900285163373324537e-02,1.932475965960776199e+00,-3.511507518382839775e-03,7.904211379094797096e-02,9.968650929601292621e-01,-1.931525108447025851e-01,0.000000000000000000e+00,0.000000000000000000e+00,0.000000000000000000e+00,1.000000000000000000e+00
9.999422753333655489e-01,-9.454061701911044627e-03,5.105557605980344180e-03,2.691226424086393898e+00,9.823283043087055119e-03,9.969106670525477165e-01,-7.792704939300297562e-02,1.921640767707170738e+00,-4.353057705443754213e-03,7.797270441751129322e-02,9.969459906406326066e-01,-1.666406949875556265e-01,0.000000000000000000e+00,0.000000000000000000e+00,0.000000000000000000e+00,1.000000000000000000e+00
9.999417488507895690e-01,-9.034117912579072568e-03,5.906235583334149344e-03,2.869547570620468946e+00,9.461448309788195871e-03,9.969976611676044653e-01,-7.685144515366996998e-02,1.910805569453565278e+00,-5.194218045618670745e-03,7.690285001134843090e-02,9.970250607477358917e-01,-1.401288791304086401e-01,0.000000000000000000e+00,0.000000000000000000e+00,0.000000000000000000e+00,1.000000000000000000e+00
9.999403944792640830e-01,-8.615032330209873232e-03,6.707362119612792460e-03,3.047868717154543994e+00,9.098704975755838101e-03,9.970833490779223984e-01,-7.577604211964618364e-02,1.899970371199959818e+00,-6.034986032985817199e-03,7.583255375828824862e-02,9.971023030432124568e-01,-1.136170632732616537e-01,0.000000000000000000e+00,0.000000000000000000e+00,0.000000000000000000e+00,1.000000000000000000e+00
9.999382122240549897e-01,-8.196806201742590572e-03,7.508934828048686137e-03,3.226189863688619042e+00,8.735054122748829239e-03,9.971677305302306671e-01,-7.470084349364501664e-02,1.889135172946354357e+00,-6.875359163960603932e-03,7.476181884679151957e-02,9.971777172997229322e-01,-8.710524741611469501e-02,0.000000000000000000e+00,0.000000000000000000e+00,0.000000000000000000e+00,1.000000000000000000e+00
9.999352020953612419e-01,-7.779440768991811514e-03,8.310951319225951678e-03,3.404511010222694534e+00,8.370496837927681941e-03,9.972508052790426403e-01,-7.362585247714946435e-02,1.878299974692749119e+00,-7.715334937320489361e-03,7.369064846791946455e-02,9.972513033008191252e-01,-6.059343155896770861e-02,0.000000000000000000e+00,0.000000000000000000e+00,0.000000000000000000e+00,1.000000000000000000e+00
9.999313641083129589e-01,-7.362937268635221660e-03,9.113409201104148358e-03,3.582832156756770026e+00,8.005034213843723392e-03,9.973325730866576810e-01,-7.255107227038046225e-02,1.867464776439143659e+00,-8.554910854229788239e-03,7.261904581530193026e-02,9.973230608409450193e-01,-3.408161570182072220e-02,0.000000000000000000e+00,0.000000000000000000e+00,0.000000000000000000e+00,1.000000000000000000e+00
9.999266982829704276e-01,-6.947296932201430138e-03,9.916306079042053884e-03,3.761153303290845074e+00,7.638667348428191707e-03,9.974130337231620347e-01,-7.147650607226510577e-02,1.856629578185538199e+00,-9.394084418264444375e-03,7.154701408510572014e-02,9.973929897254382171e-01,-7.569799844673742728e-03,0.000000000000000000e+00,0.000000000000000000e+00,0.000000000000000000e+00,1.000000000000000000e+00
9.999121444290786087e-01,-7.046421034199924771e-03,1.122726030027920360e-02,3.810139969976574559e+00,7.795865012408751890e-03,9.976432396308895223e-01,-6.817030810764852788e-02,1.752978439400706634e+00,-1.072044364519219445e-02,6.825184517206998869e-02,9.976105240616991443e-01,-1.236985501367969184e-03,0.000000000000000000e+00,0.000000000000000000e+00,0.000000000000000000e+00,1.000000000000000000e+00
9.998958348241793193e-01,-7.149877724912738139e-03,1.253789255723180597e-02,3.859126636662303600e+00,7.948669234404298276e-03,9.978625155448574979e-01,-6.486307676861624572e-02,1.649327300615875069e+00,-1.204732993903324077e-02,6.495597985565429444e-02,9.978154050335824587e-01,5.095828841937804360e-03,0.000000000000000000e+00,0.000000000000000000e+00,0.000000000000000000e+00,1.000000000000000000e+00
9.998777696619431943e-01,-7.257665322036668115e-03,1.384817785600653099e-02,3.908113303348033085e+00,8.097076809935748604e-03,9.980708565581434266e-01,-6.155487500131977957e-02,1.545676161831043505e+00,-1.337471805281457114e-02,6.165948088791705500e-02,9.980076278935149370e-01,1.142864318524357964e-02,0.000000000000000000e+00,0.000000000000000000e+00,0.000000000000000000e+00,1.000000000000000000e+00
9.998579492029568971e-01,-7.369781978098963529e-03,1.515809121402694401e-02,3.957099970033762126e+00,8.241084701826346254e-03,9.982682581801568533e-01,-5.824576579368907076e-02,1.442025023046212162e+00,-1.470258271851571097e-02,5.836241104984649791e-02,9.981871883759348973e-01,1.776145752854935145e-02,0.000000000000000000e+00,0.000000000000000000e+00,0.000000000000000000e+00,1.000000000000000000e+00
9.998363737747105739e-01,-7.486225680561526402e-03,1.646760766162111769e-02,4.006086636719491167e+00,8.380690040407832997e-03,9.984547163369560385e-01,-5.493581217143516521e-02,1.338373884261380597e+00,-1.603089864867189226e-02,5.506483314737543183e-02,9.983540826976007310e-01,2.409427187185512326e-02,0.000000000000000000e+00,0.000000000000000000e+00,0.000000000000000000e+00,1.000000000000000000e+00
9.998130437715809782e-01,-7.606994251940896699e-03,1.777670224360816328e-02,4.055073303405221097e+00,8.515890123710701323e-03,9.986302273715279565e-01,-5.162507719404908768e-02,1.234722745476549033e+00,-1.735964053797922971e-02,5.176681000739352667e-02,9.985083075578543577e-01,3.042708621516090201e-02,0.000000000000000000e+00,0.000000000000000000e+00,0.000000000000000000e+00,1.000000000000000000e+00
