9.988188294005848622e-01,-7.304416718758391554e-03,4.803739721554377284e-02,-1.638458792632813688e-01,6.791135150501884619e-03,9.999181885885682908e-01,1.083958546827757698e-02,-7.679726967709173124e-02,-4.811264405759495960e-02,-1.050055361184350049e-02,9.987867199035197485e-01,4.992607987402966629e-01,0.000000000000000000e+00,0.000000000000000000e+00,0.000000000000000000e+00,1.000000000000000000e+00
9.951562363612197482e-01,8.658565058644599605e-03,-9.792392191133571233e-02,3.645495135315263813e+00,-1.803666925432213103e-02,9.952857587150668595e-01,-9.529395081107612520e-02,2.928127543895684859e+00,9.663717604308576237e-02,9.659859082874254488e-02,9.906210014209868575e-01,2.088391502862354532e+00,0.000000000000000000e+00,0.000000000000000000e+00,0.000000000000000000e+00,1.000000000000000000e+00
9.955930886586161765e-01,8.128306675281308374e-03,-9.342554493172194885e-02,3.527027867376273829e+00,-1.717195401799710350e-02,9.951936889418200316e-01,-9.640874174874168590e-02,2.947791003931659937e+00,9.219287288288835480e-02,9.758817613299446136e-02,9.909475374956209226e-01,2.053256984217655123e+00,0.000000000000000000e+00,0.000000000000000000e+00,0.000000000000000000e+00,1.000000000000000000e+00
9.960093556429167050e-01,7.602520630763171493e-03,-8.892449129368569516e-02,3.408560599437283845e+00,-1.630220225134417986e-02,9.951000824446459836e-01,-9.751955763032897628e-02,2.967454463967635014e+00,8.774737416890736330e-02,9.858005680013380567e-02,9.912529297448477994e-01,2.018122465572956159e+00,0.000000000000000000e+00,0.000000000000000000e+00,0.000000000000000000e+00,1.000000000000000000e+00
9.964050213634568776e-01,7.081224611020430111e-03,-8.442090771661672766e-02,3.290093331498293860e+00,-1.542744178870412985e-02,9.950049421054812937e-01,-9.862636171695750298e-02,2.987117924003610092e+00,8.330082497517887763e-02,9.957420069313273336e-02,9.915371657758363932e-01,1.982987946928256751e+00,0.000000000000000000e+00,0.000000000000000000e+00,0.000000000000000000e+00,1.000000000000000000e+00
9.967800712133770835e-01,6.564436010959100697e-03,-7.991494110435720666e-02,3.171626063559303876e+00,-1.454770079527464149e-02,9.949082709068456376e-01,-9.972911752703862709e-02,3.006781384039585170e+00,7.885337046332277500e-02,1.005705755229070048e-01,9.918002345762806371e-01,1.947853428283557342e+00,0.000000000000000000e+00,0.000000000000000000e+00,0.000000000000000000e+00,1.000000000000000000e+00
9.971344919313958055e-01,6.052171932527323876e-03,-7.540673852923122922e-02,3.053158795620313892e+00,-1.366300776408863396e-02,9.948100719315308149e-01,-1.008277888402827477e-01,3.026444844075560248e+00,7.440515586674871507e-02,1.015691488518109115e-01,9.920421265157861601e-01,1.912718909638858156e+00,0.000000000000000000e+00,0.000000000000000000e+00,0.000000000000000000e+00,1.000000000000000000e+00
9.974682716033637098e-01,5.544449182829315828e-03,-7.089644721604476674e-02,2.934691527681323908e+00,-1.277339151293858423e-02,9.947103483622735665e-01,-1.019223397016646299e-01,3.046108304111535769e+00,6.995632647484847921e-02,1.025698880971572385e-01,9.922628333470326911e-01,1.877584390994158969e+00,0.000000000000000000e+00,0.000000000000000000e+00,0.000000000000000000e+00,1.000000000000000000e+00
9.977813996635956917e-01,5.041284272287330746e-03,-6.638421452605959561e-02,2.816224259742333924e+00,-1.187888118124758724e-02,9.946091034814104059e-01,-1.030127344253453092e-01,3.065771764147510847e+00,6.550702761717795697e-02,1.035727605347608327e-01,9.924623482067072011e-01,1.842449872349459561e+00,0.000000000000000000e+00,0.000000000000000000e+00,0.000000000000000000e+00,1.000000000000000000e+00
9.980738668959874271e-01,4.542693412852117502e-03,-6.187018794094512053e-02,2.697756991803343940e+00,-1.097950622688798235e-02,9.945063406705193509e-01,-1.040989375985503507e-01,3.085435224183485925e+00,6.105740464763277642e-02,1.045777333025055544e-01,9.926406656162165554e-01,1.807315353704760374e+00,0.000000000000000000e+00,0.000000000000000000e+00,0.000000000000000000e+00,1.000000000000000000e+00
9.983456654349058823e-01,4.048692516262200961e-03,-5.735451504671128936e-02,2.579289723864353956e+00,-1.007529642294806814e-02,9.944020634100416700e-01,-1.051809140854029073e-01,3.105098684219461003e+00,5.660760292862080517e-02,1.055847734039333102e-01,9.927977814821683511e-01,1.772180835060060966e+00,0.000000000000000000e+00,0.000000000000000000e+00,0.000000000000000000e+00,1.000000000000000000e+00
9.985967887658645514e-01,3.559297192352430753e-03,-5.283734351762694320e-02,2.460822455925363972e+00,-9.166281854447852831e-03,9.942962752788920833e-01,-1.062586290307116904e-01,3.124762144255436080e+00,5.215776781523556033e-02,1.065938477118548305e-01,9.929336930966305985e-01,1.737046316415361780e+00,0.000000000000000000e+00,0.000000000000000000e+00,0.000000000000000000e+00,1.000000000000000000e+00
9.988205433886634399e-01,2.922864068108510429e-03,-4.846626631394559265e-02,2.338382874326509597e+00,-8.084629653641128497e-03,9.942636020103672312e-01,-1.066514344991822544e-01,3.135347677551473033e+00,4.787651687558738128e-02,1.069174755734966648e-01,9.931145415050834924e-01,1.706998051322796472e+00,0.000000000000000000e+00,0.000000000000000000e+00,0.000000000000000000e+00,1.000000000000000000e+00
9.990247734290661485e-01,2.287834550631894556e-03,-4.409385317787161557e-02,2.215943292727655667e+00,-7.001246002101160423e-03,9.942301177677199675e-01,-1.070395042869846380e-01,3.145933210847509542e+00,4.359454816167757790e-02,1.072438284315432033e-01,9.932765358317513504e-01,1.676949786230230943e+00,0.000000000000000000e+00,0.000000000000000000e+00,0.000000000000000000e+00,1.000000000000000000e+00
9.992094708408241210e-01,1.654227531244693936e-03,-3.972023304658275911e-02,2.093503711128801292e+00,-5.916162702807226462e-03,9.941958234556264040e-01,-1.074228264488627516e-01,3.156518744143546051e+00,3.931198800460090903e-02,1.075728969334908414e-01,9.934196693464762973e-01,1.646901521137665636e+00,0.000000000000000000e+00,0.000000000000000000e+00,0.000000000000000000e+00,1.000000000000000000e+00
9.993746287299760667e-01,1.022061819513219545e-03,-3.534553494374503835e-02,1.971064129529946918e+00,-4.829411662843913038e-03,9.941607200266973088e-01,-1.078013893184572303e-01,3.167104277439583004e+00,3.502896278528948304e-02,1.079046715653955990e-01,9.935439364318776612e-01,1.616853256045100329e+00,0.000000000000000000e+00,0.000000000000000000e+00,0.000000000000000000e+00,1.000000000000000000e+00
9.995202413556679710e-01,3.913561413870011042e-04,-3.096988796682694986e-02,1.848624547931092543e+00,-3.741024890274150319e-03,9.941248084813896213e-01,-1.081751815094879332e-01,3.177689810735619957e+00,3.074559892208254472e-02,1.082391426527894718e-01,9.936493325840416446e-01,1.586804990952535022e+00,0.000000000000000000e+00,0.000000000000000000e+00,0.000000000000000000e+00,1.000000000000000000e+00
9.996463041308035757e-01,-2.378708626500631966e-04,-2.659342127440146586e-02,1.726184966332238391e+00,-2.651034490997000899e-03,9.940880898679129718e-01,-1.085441919168950164e-01,3.188275344031656466e+00,2.646202285828939960e-02,1.085763003616208033e-01,9.937358544130480142e-01,1.556756725859969492e+00,0.000000000000000000e+00,0.000000000000000000e+00,0.000000000000000000e+00,1.000000000000000000e+00
9.997528136225235507e-01,-8.656006394160570012e-04,-2.221626407343815779e-02,1.603745384733384238e+00,-1.559472665590800255e-03,9.940505652821263194e-01,-1.089084097179385258e-01,3.198860877327692975e+00,2.217836104974783146e-02,1.089161346992177093e-01,9.938034996433293689e-01,1.526708460767404185e+00,0.000000000000000000e+00,0.000000000000000000e+00,0.000000000000000000e+00,1.000000000000000000e+00
9.998397675525155792e-01,-1.491814724854509258e-03,-1.783854560658817978e-02,1.481305803134529864e+00,-4.663717061423311699e-04,9.940122358674298164e-01,-1.092678243732564947e-01,3.209446410623729928e+00,1.789473995238067411e-02,1.092586355152755095e-01,9.938522671138688702e-01,1.496660195674838878e+00,0.000000000000000000e+00,0.000000000000000000e+00,0.000000000000000000e+00,1.000000000000000000e+00
9.999071647971525811e-01,-2.116494745844592264e-03,-1.346039513946476786e-02,1.358866221535675489e+00,6.282360069373225768e-04,9.939731028146481240e-01,-1.096224256278809511e-01,3.220031943919766881e+00,1.361128600975315510e-02,1.096037925028669618e-01,9.938821567782314403e-01,1.466611930582273349e+00,0.000000000000000000e+00,0.000000000000000000e+00,0.000000000000000000e+00,1.000000000000000000e+00
9.999550053874621813e-01,-2.739622421997694752e-03,-9.081941947921853484e-03,1.236426639936821337e+00,1.724318008109580139e-03,9.939331673619085095e-01,-1.099722035122121522e-01,3.230617477215803390e+00,9.328125640633498986e-03,1.099515951994757823e-01,9.938931697044322000e-01,1.436563665489708042e+00,0.000000000000000000e+00,0.000000000000000000e+00,0.000000000000000000e+00,1.000000000000000000e+00
9.999854506511797192e-01,-3.245997379755138825e-03,-4.308362446135705244e-03,1.118234112802153790e+00,2.751399253712082018e-03,9.939038596717382212e-01,-1.102159132420003074e-01,3.235807364332330405e+00,4.639858629669902333e-03,1.102024556470140026e-01,9.938983300525583431e-01,1.422987974907325981e+00,0.000000000000000000e+00,0.000000000000000000e+00,0.000000000000000000e+00,1.000000000000000000e+00
9.999928558676429713e-01,-3.751183390293577787e-03,4.656574359506823095e-04,1.000041585667486466e+00,3.779664593866986257e-03,9.938739702083885241e-01,-1.104547213919475496e-01,3.240997251448857419e+00,-4.846888836038476338e-05,1.104556923177219957e-01,9.938810480562446648e-01,1.409412284324943920e+00,0.000000000000000000e+00,0.000000000000000000e+00,0.000000000000000000e+00,1.000000000000000000e+00
9.999772179852712828e-01,-4.255162800054765326e-03,5.239952288166684069e-03,8.818490585328189191e-01,4.809078533384723159e-03,9.938434999372304235e-01,-1.106886190905638501e-01,3.246187138565384434e+00,-4.736694427232077467e-03,1.107112967228784106e-01,9.938413215920546273e-01,1.395836593742561860e+00,0.000000000000000000e+00,0.000000000000000000e+00,0.000000000000000000e+00,1.000000000000000000e+00
9.999385355493987104e-01,-4.757918036674010920e-03,1.001435665834854612e-02,7.636565313981513725e-01,5.839605492534311396e-03,9.938124498640299453e-01,-1.109175978055195050e-01,3.251377025681911448e+00,-9.424655485262093194e-03,1.109692602084546426e-01,9.937791500920980514e-01,1.382260903160179799e+00,0.000000000000000000e+00,0.000000000000000000e+00,0.000000000000000000e+00,1.000000000000000000e+00
9.998768087026712603e-01,-5.259431611022087269e-03,1.478870507144854421e-02,6.454640042634839370e-01,6.871209811141781865e-03,9.937808210348371141e-01,-1.111416493446798909e-01,3.256566912798438018e+00,-1.411218956408165706e-02,1.112295739560909130e-01,9.936945345443203292e-01,1.368685212577797738e+00,0.000000000000000000e+00,0.000000000000000000e+00,0.000000000000000000e+00,1.000000000000000000e+00
9.997920391851717881e-01,-5.759686119233022733e-03,1.956283204865080089e-02,5.272714771288165014e-01,7.903855752703137227e-03,9.937486145358717105e-01,-1.113607658570815589e-01,3.261756799914965033e+00,-1.879913418741049197e-02,1.114922289841009245e-01,9.935874774925257391e-01,1.355109521995415900e+00,0.000000000000000000e+00,0.000000000000000000e+00,0.000000000000000000e+00,1.000000000000000000e+00
9.996842303342610148e-01,-6.258664244717225371e-03,2.433657212648896243e-02,4.090789499941489549e-01,8.937507508510784612e-03,9.937158314933943748e-01,-1.115749398338487797e-01,3.266946687031492047e+00,-2.348532691982836360e-02,1.117572161485045346e-01,9.934579830361247588e-01,1.341533831413033839e+00,0.000000000000000000e+00,0.000000000000000000e+00,0.000000000000000000e+00,1.000000000000000000e+00
9.995533870841492030e-01,-6.756348760159514022e-03,2.910975987596139264e-02,2.908864228594815193e-01,9.972129201792519909e-03,9.936824730735787092e-01,-1.117841641090515509e-01,3.272136574148019061e+00,-2.817060538553969179e-02,1.120245261440891010e-01,9.933060568296181447e-01,1.327958140830651779e+00,0.000000000000000000e+00,0.000000000000000000e+00,0.000000000000000000e+00,1.000000000000000000e+00
9.993995159651856142e-01,-7.252722529501517794e-03,3.388222992163887615e-02,1.726938957248140838e-01,1.100768489186198726e-02,9.936485404823713896e-01,-1.119884318605032791e-01,3.277326461264546076e+00,-3.285480728712639187e-02,1.122941495054981531e-01,9.931317060818078968e-01,1.314382450248269718e+00,0.000000000000000000e+00,0.000000000000000000e+00,0.000000000000000000e+00,1.000000000000000000e+00
9.992226251028750728e-01,-7.747768509907999868e-03,3.865381696076056195e-02,5.450136859014648172e-02,1.204413857827966658e-02,9.936140349653482806e-01,-1.121877366104995777e-01,3.282516348381073090e+00,-3.753777042428463329e-02,1.125660766083481645e-01,9.929349395547409918e-01,1.300806759665887657e+00,0.000000000000000000e+00,0.000000000000000000e+00,0.000000000000000000e+00,1.000000000000000000e+00
9.990199516712904293e-01,-8.312048405590671124e-03,4.347465944657340209e-02,-7.907297002548985265e-02,1.314230362650444656e-02,9.936180273096029136e-01,-1.120289947324438623e-01,3.281231962962848581e+00,-4.226601493021532596e-02,1.124905580778950837e-01,9.927534730864669976e-01,1.281774907139935582e+00,0.000000000000000000e+00,0.000000000000000000e+00,0.000000000000000000e+00,1.000000000000000000e+00
9.987936883409129774e-01,-8.876709996803400227e-03,4.829463893630267513e-02,-2.126473086411261870e-01,1.423974369920415206e-02,9.936213883354152454e-01,-1.118649468858900348e-01,3.279947577544623627e+00,-4.699359349673280783e-02,1.124177061767169944e-01,9.925491733451945464e-01,1.262743054613983729e+00,0.000000000000000000e+00,0.000000000000000000e+00,0.000000000000000000e+00,1.000000000000000000e+00
9.985438402026031168e-01,-9.441733326422533865e-03,5.311358456393913685e-02,-3.462216472567625214e-01,1.533641982711392467e-02,9.936241178454321421e-01,-1.116955982246981005e-01,3.278663192126399117e+00,-5.172033855577995443e-02,1.123475238164126089e-01,9.923220447374914155e-01,1.243711202088031653e+00,0.000000000000000000e+00,0.000000000000000000e+00,0.000000000000000000e+00,1.000000000000000000e+00
9.982704140190665765e-01,-1.000709840886496171e-02,5.793132551251508472e-02,-4.797959858723988558e-01,1.643229308957652388e-02,9.936262156870196982e-01,-1.115209542790526892e-01,3.277378806708174164e+00,-5.644608257461224826e-02,1.122800137198406295e-01,9.920720932881100795e-01,1.224679349562079800e+00,0.000000000000000000e+00,0.000000000000000000e+00,0.000000000000000000e+00,1.000000000000000000e+00
9.979734182243006346e-01,-1.057278523244407041e-02,6.274769103428400052e-02,-6.133703244880350791e-01,1.752732461914575587e-02,9.936276817522867733e-01,-1.113410209548651025e-01,3.276094421289949654e+00,-6.117065807558750429e-02,1.122151784207699593e-01,9.917993266395145335e-01,1.205647497036127724e+00,0.000000000000000000e+00,0.000000000000000000e+00,0.000000000000000000e+00,1.000000000000000000e+00
9.976528629227482403e-01,-1.113877376173069526e-02,6.756251047089076311e-02,-7.469446631036715800e-01,1.862147560618119743e-02,9.936285159781022003e-01,-1.111558045331094979e-01,3.274810035871725145e+00,-6.589389765594871884e-02,1.121530202635641349e-01,9.915037540511221215e-01,1.186615644510175649e+00,0.000000000000000000e+00,0.000000000000000000e+00,0.000000000000000000e+00,1.000000000000000000e+00
9.973087598881529292e-01,-1.170504393991842265e-02,7.237561327352771967e-02,-8.805190017193078589e-01,1.971470730343298158e-02,9.936287183461040007e-01,-1.109653116690921537e-01,3.273525650453500191e+00,-7.061563400759514331e-02,1.120935414028987331e-01,9.911853863982570401e-01,1.167583791984223796e+00,0.000000000000000000e+00,0.000000000000000000e+00,0.000000000000000000e+00,1.000000000000000000e+00
9.969411225621193084e-01,-1.227157569119265157e-02,7.718682902307090477e-02,-1.014093340334944138e+00,2.080698103061547760e-02,9.936282888826994952e-01,-1.107695493916543150e-01,3.272241265035275681e+00,-7.533569993683643384e-02,1.120367438035123619e-01,9.908442361708186263e-01,1.148551939458271720e+00,0.000000000000000000e+00,0.000000000000000000e+00,0.000000000000000000e+00,1.000000000000000000e+00
9.965499660523784442e-01,-1.283834892310293380e-02,8.199598745019227863e-02,-1.147667678950580417e+00,2.189825817896889210e-02,9.936272276590588648e-01,-1.105685251023094395e-01,3.270956879617050728e+00,-8.005392838412521417e-02,1.119826292399918322e-01,9.904803174716637626e-01,1.129520086932319867e+00,0.000000000000000000e+00,0.000000000000000000e+00,0.000000000000000000e+00,1.000000000000000000e+00
9.961353071307577078e-01,-1.340534352893783983e-02,8.680291845544235718e-02,-1.281242017566216918e+00,2.298850021580747111e-02,9.936255347910992741e-01,-1.103622465743139963e-01,3.269672494198826218e+00,-8.477015244376306935e-02,1.119311992965903307e-01,9.900936460147030660e-01,1.110488234406367791e+00,0.000000000000000000e+00,0.000000000000000000e+00,0.000000000000000000e+00,1.000000000000000000e+00
9.957412481419302130e-01,-1.390652920057357245e-02,9.113712303087243005e-02,-1.405971321038930411e+00,2.396430320050126767e-02,9.936190981285601964e-01,-1.102125220031781871e-01,3.274498215061060868e+00,-8.902291233646103530e-02,1.119271918694478285e-01,9.897207812304207319e-01,1.089466213498282876e+00,0.000000000000000000e+00,0.000000000000000000e+00,0.000000000000000000e+00,1.000000000000000000e+00
9.953280619417405051e-01,-1.440774007039667161e-02,9.546971319409539025e-02,-1.530700624511643904e+00,2.493947935850159697e-02,9.936121672085398426e-01,-1.100585459856511933e-01,3.279323935923295075e+00,-9.327417370647578254e-02,1.119253242175903135e-01,9.893293942454968182e-01,1.068444192590197961e+00,0.000000000000000000e+00,0.000000000000000000e+00,0.000000000000000000e+00,1.000000000000000000e+00
9.948957585014807092e-01,-1.490896170672107411e-02,9.980056400938304428e-02,-1.655429927984357175e+00,2.591400054281288445e-02,9.936047421808206215e-01,-1.099003225275168860e-01,3.284149656785529725e+00,-9.752381397192448620e-02,1.119255966104834576e-01,9.889194944644164043e-01,1.047422171682113046e+00,0.000000000000000000e+00,0.000000000000000000e+00,0.000000000000000000e+00,1.000000000000000000e+00
9.944443488947117826e-01,-1.541017967557810342e-02,1.041295506267983506e-01,-1.780159231457070668e+00,2.688783864092245818e-02,9.935968232236621622e-01,-1.097378558796657799e-01,3.288975377647763931e+00,-1.017717106301760099e-01,1.119280091943610778e-01,9.884910923590534138e-01,1.026400150774028130e+00,0.000000000000000000e+00,0.000000000000000000e+00,0.000000000000000000e+00,1.000000000000000000e+00
9.939738452963320370e-01,-1.591137954210183197e-02,1.084565482941912129e-01,-1.904888534929784161e+00,2.786096557750342151e-02,9.935884105437875480e-01,-1.095711505377162664e-01,3.293801098509998582e+00,-1.060177412696206023e-01,1.119325619921964221e-01,9.880441994677923168e-01,1.005378129865943215e+00,0.000000000000000000e+00,0.000000000000000000e+00,0.000000000000000000e+00,1.000000000000000000e+00
9.934842609814877878e-01,-1.641254687191472106e-02,1.127814323691811449e-01,-2.029617838402497654e+00,2.883335331711248811e-02,9.935795043763652190e-01,-1.094002112416008476e-01,3.298626819372233232e+00,-1.102617835814274083e-01,1.119392549036911100e-01,9.875788283944977319e-01,9.843561089578581891e-01,0.000000000000000000e+00,0.000000000000000000e+00,0.000000000000000000e+00,1.000000000000000000e+00
9.929756103243249088e-01,-1.691366723251324505e-02,1.171040783311251554e-01,-2.154347141875211147e+00,2.980497386688218953e-02,9.935701049849871014e-01,-1.092250429751166763e-01,3.303452540234467438e+00,-1.145037153712880895e-01,1.119480877052816126e-01,9.870949928073293744e-01,9.633340880497732739e-01,0.000000000000000000e+00,0.000000000000000000e+00,0.000000000000000000e+00,1.000000000000000000e+00
9.924479087965831781e-01,-1.741472619465328844e-02,1.214243617930678837e-01,-2.279076445347924640e+00,3.077579927920700079e-02,9.935602126616427388e-01,-1.090456509654415401e-01,3.308278261096702089e+00,-1.187434145711438876e-01,1.119590600501638583e-01,9.865927074374049033e-01,9.423120671416882477e-01,0.000000000000000000e+00,0.000000000000000000e+00,0.000000000000000000e+00,1.000000000000000000e+00
9.919011729660325294e-01,-1.791570933373500679e-02,1.257421585136720976e-01,-2.403805748820638133e+00,3.174580165442280472e-02,9.935498277266894274e-01,-1.088620406826145276e-01,3.313103981958936295e+00,-1.229807592508940783e-01,1.119721714683353658e-01,9.860719880773101131e-01,9.212900462336033325e-01,0.000000000000000000e+00,0.000000000000000000e+00,0.000000000000000000e+00,1.000000000000000000e+00
9.913354204947506521e-01,-1.841660223118676137e-02,1.300573444091264741e-01,-2.528535052293351626e+00,3.271495314347906691e-02,9.935389505288182432e-01,-1.086742178389818736e-01,3.317929702821170945e+00,-1.272156276300827060e-01,1.119874213666551266e-01,9.855328515794546940e-01,9.002680253255184173e-01,0.000000000000000000e+00,0.000000000000000000e+00,0.000000000000000000e+00,1.000000000000000000e+00
9.906855796869783459e-01,-1.901989951994818850e-02,1.348344378210798167e-01,-2.656550028004121877e+00,3.384249803375775911e-02,9.935193326226362531e-01,-1.085081611304265087e-01,3.308017412812399360e+00,-1.318968063567525217e-01,1.120606047071073669e-01,9.849089568815824203e-01,9.160746374351829147e-01,0.000000000000000000e+00,0.000000000000000000e+00,0.000000000000000000e+00,1.000000000000000000e+00
9.900123193925075560e-01,-1.962285013775641462e-02,1.396085642198877375e-01,-2.784565003714891684e+00,3.496927039606450432e-02,9.934990274746142713e-01,-1.083366629307108142e-01,3.298105122803627332e+00,-1.365750986784717569e-01,1.121366405750889028e-01,9.842624732567522017e-01,9.318812495448474120e-01,0.000000000000000000e+00,0.000000000000000000e+00,0.000000000000000000e+00,1.000000000000000000e+00
9.893156605539642490e-01,-2.022543268608426731e-02,1.443795541457791876e-01,-2.912579979425661492e+00,3.609523022614762044e-02,9.934780357187349420e-01,-1.081597286394770235e-01,3.288192832794855747e+00,-1.412503385397525513e-01,1.122155266311421901e-01,9.835934208021628322e-01,9.476878616545120204e-01,0.000000000000000000e+00,0.000000000000000000e+00,0.000000000000000000e+00,1.000000000000000000e+00
9.885956257744489273e-01,-2.082762578944626422e-02,1.491472383371564014e-01,-3.040594955136431743e+00,3.722033757164601442e-02,9.934563580377085978e-01,-1.079773640422146130e-01,3.278280542786084162e+00,-1.459223600778114249e-01,1.122972603335763431e-01,9.829018212165926416e-01,9.634944737641765178e-01,0.000000000000000000e+00,0.000000000000000000e+00,0.000000000000000000e+00,1.000000000000000000e+00
9.878522393151136782e-01,-2.142940809792566459e-02,1.539114477506077494e-01,-3.168609930847201994e+00,3.834455253681370857e-02,9.934339951628997634e-01,-1.077895753096341502e-01,3.268368252777312577e+00,-1.505909976421798968e-01,1.123818389387374050e-01,9.821876977980740220e-01,9.793010858738410152e-01,0.000000000000000000e+00,0.000000000000000000e+00,0.000000000000000000e+00,1.000000000000000000e+00
9.870855270924442371e-01,-2.203075828969740940e-02,1.586720135808853127e-01,-3.296624906557971801e+00,3.946783528723520756e-02,9.934109478742456645e-01,-1.075963689969729603e-01,3.258455962768540548e+00,-1.552560858142810474e-01,1.124692595013144919e-01,9.814510754412849591e-01,9.951076979835055125e-01,0.000000000000000000e+00,0.000000000000000000e+00,0.000000000000000000e+00,1.000000000000000000e+00
9.862955166752491731e-01,-2.263165507354616968e-02,1.634287672808407976e-01,-3.424639882268741609e+00,4.059014605453008240e-02,9.933872170001646351e-01,-1.073977520432324861e-01,3.248543672759768963e+00,-1.599174594269653082e-01,1.125595188746814357e-01,9.806919806346562352e-01,1.010914310093170121e+00,0.000000000000000000e+00,0.000000000000000000e+00,0.000000000000000000e+00,1.000000000000000000e+00
9.854822372813570874e-01,-2.323207719137913851e-02,1.681815405813164577e-01,-3.552654857979511860e+00,4.171144514104609125e-02,9.933628034174585286e-01,-1.071937317703478693e-01,3.238631382750997378e+00,-1.645749535840028699e-01,1.126526137112742881e-01,9.799104414571986332e-01,1.026720922202834618e+00,0.000000000000000000e+00,0.000000000000000000e+00,0.000000000000000000e+00,1.000000000000000000e+00
9.846457197740197120e-01,-2.383200342073257816e-02,1.729301655109854174e-01,-3.680669833690282111e+00,4.283169292453929689e-02,9.933377080512026946e-01,-1.069843158822894602e-01,3.228719092742225349e+00,-1.692284036795259350e-01,1.127485404630042820e-01,9.791064875750449259e-01,1.042527534312499116e+00,0.000000000000000000e+00,0.000000000000000000e+00,0.000000000000000000e+00,1.000000000000000000e+00
9.837859966580279059e-01,-2.443141257727188265e-02,1.776744744161355138e-01,-3.808684809401051918e+00,4.395084986284022999e-02,9.933119318746317372e-01,-1.067695124640972715e-01,3.218806802733453765e+00,-1.738776454174168762e-01,1.128472953817062641e-01,9.782801502377164171e-01,1.058334146422163613e+00,0.000000000000000000e+00,0.000000000000000000e+00,0.000000000000000000e+00,1.000000000000000000e+00
9.824778625287767797e-01,-2.505443001817782983e-02,1.846876421890500108e-01,-3.976025060671553923e+00,4.460322207989705218e-02,9.937360255471269221e-01,-1.024659168206270288e-01,3.105792883431333973e+00,-1.809635383743855852e-01,1.089081588599518091e-01,9.774411546035689513e-01,1.100051889091978152e+00,0.000000000000000000e+00,0.000000000000000000e+00,0.000000000000000000e+00,1.000000000000000000e+00
9.811189139953244709e-01,-2.570577179670291076e-02,1.916895664791671006e-01,-4.143365311942055484e+00,4.522447689604829069e-02,9.941429739775409224e-01,-9.815545823116136881e-02,2.992778964129214625e+00,-1.880436738901736515e-01,1.049712369529210709e-01,9.765350050676421256e-01,1.141769631761792470e+00,0.000000000000000000e+00,0.000000000000000000e+00,0.000000000000000000e+00,1.000000000000000000e+00
9.797092723513105561e-01,-2.638538120363166650e-02,1.986795241780213994e-01,-4.310705563212557934e+00,4.581453932645075666e-02,9.945327292114445328e-01,-9.383857689426591819e-02,2.879765044827094833e+00,-1.951173227962372525e-01,1.010369347613782331e-01,9.755617705501042902e-01,1.183487374431607009e+00,0.000000000000000000e+00,0.000000000000000000e+00,0.000000000000000000e+00,1.000000000000000000e+00
9.782490693526600944e-01,-2.709319570022921883e-02,2.056567943380518126e-01,-4.478045814483059495e+00,4.637334076243082581e-02,9.949052468062218324e-01,-8.951571450858546164e-02,2.766751125524975485e+00,-2.021837569568488424e-01,9.710565701440974917e-02,9.745215337788148968e-01,1.225205117101421548e+00,0.000000000000000000e+00,0.000000000000000000e+00,0.000000000000000000e+00,1.000000000000000000e+00
9.767384471769565701e-01,-2.782914693715628912e-02,2.126206584203369776e-01,-4.645386065753561056e+00,4.690081899770068979e-02,9.952604858477893668e-01,-8.518731412227407984e-02,2.653737206222855693e+00,-2.092422495188110132e-01,9.317780793070977452e-02,9.734143912669132037e-01,1.266922859771236087e+00,0.000000000000000000e+00,0.000000000000000000e+00,0.000000000000000000e+00,1.000000000000000000e+00
9.751775583774451306e-01,-2.859316077637579639e-02,2.195704005411961424e-01,-4.812726317024063505e+00,4.739691825129762476e-02,9.955984089655084412e-01,-8.085381998167004425e-02,2.540723286920735902e+00,-2.162920751606142167e-01,8.925379108007019946e-02,9.722404532833175406e-01,1.308640602441050405e+00,0.000000000000000000e+00,0.000000000000000000e+00,0.000000000000000000e+00,1.000000000000000000e+00
9.735665658316963178e-01,-2.938515731603621312e-02,2.265053077174761231e-01,-4.980066568294565066e+00,4.786158918722869388e-02,9.959189823452786472e-01,-7.651567737932435387e-02,2.427709367618616554e+00,-2.233325103408585477e-01,8.533400924517550723e-02,9.709998438161532297e-01,1.350358345110864944e+00,0.000000000000000000e+00,0.000000000000000000e+00,0.000000000000000000e+00,1.000000000000000000e+00
9.719056426849759234e-01,-3.020505091831453964e-02,2.334246701103508403e-01,-5.147406819565066627e+00,4.829478893080662444e-02,9.962221757408123990e-01,-7.217333250149245150e-02,2.314695448316496762e+00,-2.303628335457630349e-01,8.141886428380203100e-02,9.696927005291434698e-01,1.392076087780679483e+00,0.000000000000000000e+00,0.000000000000000000e+00,0.000000000000000000e+00,1.000000000000000000e+00
9.701949722883451699e-01,-3.105275024019788638e-02,2.403277812674541880e-01,-5.314747070835569076e+00,4.869648108166477890e-02,9.965079624830649463e-01,-6.782723227519793507e-02,2.201681529014376970e+00,-2.373823255355808626e-01,7.750875699151985043e-02,9.683191747109778369e-01,1.433793830450493800e+00,0.000000000000000000e+00,0.000000000000000000e+00,0.000000000000000000e+00,1.000000000000000000e+00
9.684347481315572770e-01,-3.192815826718113648e-02,2.472139383631778153e-01,-5.482087322106070637e+00,4.906663572344410751e-02,9.967763194878352939e-01,-6.347782421497938365e-02,2.088667609712257622e+00,-2.443902695897487709e-01,7.360408696499684544e-02,9.668794312177186878e-01,1.475511573120308340e+00,0.000000000000000000e+00,0.000000000000000000e+00,0.000000000000000000e+00,1.000000000000000000e+00
9.710738338157738347e-01,-3.072304019724325999e-02,2.367946453773255855e-01,-5.201152144680766476e+00,4.674668214327630522e-02,9.969587963106368855e-01,-6.235307664776090775e-02,2.057677084513195087e+00,-2.341588285479117015e-01,7.161880521123364929e-02,9.695568006843049425e-01,1.413956949750945435e+00,0.000000000000000000e+00,0.000000000000000000e+00,0.000000000000000000e+00,1.000000000000000000e+00
9.735999701659808769e-01,-2.949622813655846179e-02,2.263472346164567828e-01,-4.920216967255463203e+00,4.443803877046088868e-02,9.971356234538243379e-01,-6.120301585369914560e-02,2.026686559314132552e+00,-2.238936327880635679e-01,6.964568159670225800e-02,9.721219677755947863e-01,1.352402326381582531e+00,0.000000000000000000e+00,0.000000000000000000e+00,0.000000000000000000e+00,1.000000000000000000e+00
9.760126319398783057e-01,-2.824792899971255433e-02,2.158735667028718330e-01,-4.639281789830159042e+00,4.214112778762807432e-02,9.973067655709587642e-01,-6.002783267101970133e-02,1.995696034115070017e+00,-2.135965066254100764e-01,6.768507851528531016e-02,9.745744007020711308e-01,1.290847703012219627e+00,0.000000000000000000e+00,0.000000000000000000e+00,0.000000000000000000e+00,1.000000000000000000e+00
9.783113343237298531e-01,-2.697835757702464476e-02,2.053755130393323802e-01,-4.358346612404855769e+00,3.985636746199099079e-02,9.974721893345576129e-01,-5.882772710940536998e-02,1.964705508916007481e+00,-2.032692871696497594e-01,6.573735411902519032e-02,9.769136078318143568e-01,1.229293079642856723e+00,0.000000000000000000e+00,0.000000000000000000e+00,0.000000000000000000e+00,1.000000000000000000e+00
9.804956332532349661e-01,-2.568773641171012700e-02,1.948549546954869149e-01,-4.077411434979551608e+00,3.758417189171792128e-02,9.976318634575855882e-01,-5.760290823698881180e-02,1.933714983716944946e+00,-1.929138232334623448e-01,6.380286210028242311e-02,9.791391380152570934e-01,1.167738456273493597e+00,0.000000000000000000e+00,0.000000000000000000e+00,0.000000000000000000e+00,1.000000000000000000e+00
9.825651256979901493e-01,-2.437629566998522623e-02,1.843137812848036072e-01,-3.796476257554247891e+00,3.532495075587009647e-02,9.977857587131194750e-01,-5.635359405912015313e-02,1.902724458517882411e+00,-1.825319742296902803e-01,6.188195147774679800e-02,9.812505808737733703e-01,1.106183832904130693e+00,0.000000000000000000e+00,0.000000000000000000e+00,0.000000000000000000e+00,1.000000000000000000e+00
9.845194499091727280e-01,-2.304427300427225669e-02,1.737538898334202997e-01,-3.515541080128944174e+00,3.307910906822215252e-02,9.979338479521745464e-01,-5.508001138905711802e-02,1.871733933318819876e+00,-1.721256090585955023e-01,5.997496638657305590e-02,9.832475670517251132e-01,1.044629209534767789e+00,0.000000000000000000e+00,0.000000000000000000e+00,0.000000000000000000e+00,1.000000000000000000e+00
9.863582856301172930e-01,-2.169191340967634857e-02,1.631771836423314970e-01,-3.234605902703640457e+00,3.084704693527579034e-02,9.980761061196619099e-01,-5.378239571073867298e-02,1.840743408119757341e+00,-1.616966049865889155e-01,5.808224587290589103e-02,9.851297684316369097e-01,9.830745861654048845e-01,0.000000000000000000e+00,0.000000000000000000e+00,0.000000000000000000e+00,1.000000000000000000e+00
9.880813542695300322e-01,-2.031946907391537355e-02,1.525855711443448726e-01,-2.953670725278336739e+00,2.862915931877008102e-02,9.982125102684551443e-01,-5.246099103381603873e-02,1.809752882920694805e+00,-1.512468465178438415e-01,5.620412369305159000e-02,9.868968983122321514e-01,9.215199627960419804e-01,0.000000000000000000e+00,0.000000000000000000e+00,0.000000000000000000e+00,1.000000000000000000e+00
9.896884190371497692e-01,-1.892719922089617160e-02,1.419809647572503053e-01,-2.672735547853033022e+00,2.642583580298444104e-02,9.983430395715574557e-01,-5.111604974112897437e-02,1.778762357721632270e+00,-1.407782242602198530e-01,5.434092811754666352e-02,9.885487115491390364e-01,8.599653394266790762e-01,0.000000000000000000e+00,0.000000000000000000e+00,0.000000000000000000e+00,1.000000000000000000e+00
9.902118483364344970e-01,-1.854280699714580885e-02,1.383353162529683267e-01,-2.576833566019982147e+00,2.585594041477614832e-02,9.983507424927795526e-01,-5.125685621829943750e-02,1.781826038368346632e+00,-1.371567197019880335e-01,5.433193603013311557e-02,9.890581757246679206e-01,8.579886717804646734e-01,0.000000000000000000e+00,0.000000000000000000e+00,0.000000000000000000e+00,1.000000000000000000e+00
9.907217123073891463e-01,-1.815836948239456933e-02,1.346876474679702673e-01,-2.480931584186931715e+00,2.528551167714157555e-02,9.983582215960224993e-01,-5.139556664589783191e-02,1.784889719015061216e+00,-1.335332605081615276e-01,5.432434987525051190e-02,9.895543104593559347e-01,8.560120041342501596e-01,0.000000000000000000e+00,0.000000000000000000e+00,0.000000000000000000e+00,1.000000000000000000e+00
9.912179994817557072e-01,-1.777389458382626353e-02,1.310380333136519637e-01,-2.385029602353880840e+00,2.471456128919623241e-02,9.983654767112717376e-01,-5.153217801877077453e-02,1.787953399661775578e+00,-1.299079210967110376e-01,5.431816991024963903e-02,9.900371045844355011e-01,8.540353364880357567e-01,0.000000000000000000e+00,0.000000000000000000e+00,0.000000000000000000e+00,1.000000000000000000e+00
9.917006989490688706e-01,-1.738939021081404440e-02,1.273865487876346125e-01,-2.289127620520830408e+00,2.414310097248643927e-02,9.983725076777170138e-01,-5.166668741790153563e-02,1.791017080308490161e+00,-1.262807759691105813e-01,5.431339633463244665e-02,9.905065474792362767e-01,8.520586688418212429e-01,0.000000000000000000e+00,0.000000000000000000e+00,0.000000000000000000e+00,1.000000000000000000e+00
9.921698003574523916e-01,-1.700486427437803566e-02,1.237332689686277271e-01,-2.193225638687779533e+00,2.357114247018727432e-02,9.983793143437644790e-01,-5.179909201061771995e-02,1.794080760955204523e+00,-1.226518997052345877e-01,5.431002929003342361e-02,9.909626290719607544e-01,8.500820011956068400e-01,0.000000000000000000e+00,0.000000000000000000e+00,0.000000000000000000e+00,1.000000000000000000e+00
9.926252939143572762e-01,-1.662032468664282128e-02,1.200782690112836559e-01,-2.097323656854729101e+00,2.299869754629821003e-02,9.983858965670465713e-01,-5.192938905078992029e-02,1.797144441601918885e+00,-1.190213669582463329e-01,5.430806886020690671e-02,9.914053398404032436e-01,8.481053335493924372e-01,0.000000000000000000e+00,0.000000000000000000e+00,0.000000000000000000e+00,1.000000000000000000e+00
9.930671703872429035e-01,-1.623577936029478933e-02,1.164216241410442471e-01,-2.001421675021678226e+00,2.242577798483659166e-02,9.983922542144318957e-01,-5.205757587902155176e-02,1.800208122248633469e+00,-1.153892524494788824e-01,5.430751507102026671e-02,9.918346708126114519e-01,8.461286659031779234e-01,0.000000000000000000e+00,0.000000000000000000e+00,0.000000000000000000e+00,1.000000000000000000e+00
9.934954211042008598e-01,-1.585123620803939939e-02,1.127634096489800453e-01,-1.905519693188627572e+00,2.185239558902905485e-02,9.983983871620347728e-01,-5.218364992282978343e-02,1.803271802895347831e+00,-1.117556309633090939e-01,5.430836789045322133e-02,9.922506135674937777e-01,8.441519982569635205e-01,0.000000000000000000e+00,0.000000000000000000e+00,0.000000000000000000e+00,1.000000000000000000e+00
9.939100379545212638e-01,-1.546670314205847788e-02,1.091037008866229951e-01,-1.809617711355576919e+00,2.127856218050102124e-02,9.984042952952232319e-01,-5.230760869681752578e-02,1.806335483542062414e+00,-1.081205773420250149e-01,5.431062722860294234e-02,9.926531602353679817e-01,8.421753306107490067e-01,0.000000000000000000e+00,0.000000000000000000e+00,0.000000000000000000e+00,1.000000000000000000e+00
9.943110133892004709e-01,-1.508218807346763113e-02,1.054425732607933291e-01,-1.713715729522526265e+00,2.070428959846431355e-02,9.984099785086258949e-01,-5.242944980283642531e-02,1.809399164188776776e+00,-1.044841664806880760e-01,5.431429293769525490e-02,9.930423034984532382e-01,8.401986629645346039e-01,0.000000000000000000e+00,0.000000000000000000e+00,0.000000000000000000e+00,1.000000000000000000e+00
9.947384384428576976e-01,-1.456376388419542214e-02,1.014067841211367393e-01,-1.597490390081746092e+00,1.996449042497316570e-02,9.984240450310603032e-01,-5.244850260862320840e-02,1.803349999076444110e+00,-1.004831239877452265e-01,5.419707635418174324e-02,9.934615335826157967e-01,8.370579436928740069e-01,0.000000000000000000e+00,0.000000000000000000e+00,0.000000000000000000e+00,1.000000000000000000e+00
9.951492263547143668e-01,-1.404484456269195630e-02,9.736919239073163479e-02,-1.481265050640965697e+00,1.922458794217986322e-02,9.984377225694524016e-01,-5.246455345067241316e-02,1.797300833964111444e+00,-9.648021820076321808e-02,5.408194237945686267e-02,9.938645335277832560e-01,8.339172244212135210e-01,0.000000000000000000e+00,0.000000000000000000e+00,0.000000000000000000e+00,1.000000000000000000e+00
9.955433653442365971e-01,-1.352544309936033404e-02,9.332989932512329723e-02,-1.365039711200185524e+00,1.848460072546683278e-02,9.984510107460617956e-01,-5.247760166192190490e-02,1.791251668851778778e+00,-9.247554949872834051e-02,5.396889408847696523e-02,9.942512917848157494e-01,8.307765051495530351e-01,0.000000000000000000e+00,0.000000000000000000e+00,0.000000000000000000e+00,1.000000000000000000e+00
9.959208444660739845e-01,-1.300557251012944386e-02,8.928900627549771207e-02,-1.248814371759405351e+00,1.774454735633942959e-02,9.984639092026694751e-01,-5.248764672608135368e-02,1.785202503739446112e+00,-8.846921835927301636e-02,5.385793445173196053e-02,9.946217976193223453e-01,8.276357858778924381e-01,0.000000000000000000e+00,0.000000000000000000e+00,0.000000000000000000e+00,1.000000000000000000e+00
9.962816536110633558e-01,-1.248524583536689096e-02,8.524661468020579280e-02,-1.132589032318624955e+00,1.700444642087082722e-02,9.984764176006100111e-01,-5.249468827769109697e-02,1.779153338627113445e+00,-8.446132535027352228e-02,5.374906633498557212e-02,9.949760411126453707e-01,8.244950666062318412e-01,0.000000000000000000e+00,0.000000000000000000e+00,0.000000000000000000e+00,1.000000000000000000e+00
9.966257835071288262e-01,-1.196447613878871136e-02,8.120282605627600347e-02,-1.016363692877844782e+00,1.626431650814619267e-02,9.984885356208016427e-01,-5.249872610216234359e-02,1.773104173514780557e+00,-8.045197112143558094e-02,5.364229249902892349e-02,9.953140131627425946e-01,8.213543473345713553e-01,0.000000000000000000e+00,0.000000000000000000e+00,0.000000000000000000e+00,1.000000000000000000e+00
9.969532257200747205e-01,-1.144327650636609364e-02,7.715774199091636476e-02,-9.001383534370646089e-01,1.552417620870634798e-02,9.985002629637735883e-01,-5.249976013579821937e-02,1.767055008402447891e+00,-7.644125639586914212e-02,5.353761559944710674e-02,9.956357054849666044e-01,8.182136280629108693e-01,0.000000000000000000e+00,0.000000000000000000e+00,0.000000000000000000e+00,1.000000000000000000e+00
